r y0 y1 y2 y3 y4 y5 y6 y7 y8 y9 y10 y11 y12 y13 y14 y15 y16 y17 y18 y19
0.000000000000000000e+00 1.000000000000000000e+00 0.000000000000000000e+00 1.000000000000000000e+00 0.000000000000000000e+00 1.000000000000000000e+00 0.000000000000000000e+00 1.000000000000000000e+00 0.000000000000000000e+00 9.999999999999997780e-01 0.000000000000000000e+00 9.999999999999993339e-01 0.000000000000000000e+00 1.000000000000000444e+00 0.000000000000000000e+00 1.000000000000000444e+00 0.000000000000000000e+00 1.000000000000000222e+00 0.000000000000000000e+00 9.999999999999984457e-01 0.000000000000000000e+00
3.030303030303030387e-02 9.990821478386752164e-01 3.027521660117197741e-02 9.981647170325790297e-01 4.279596369254654725e-02 9.972477074527483776e-01 5.239006810357989263e-02 9.963311189702498405e-01 6.046705592870079554e-02 9.954149514561786427e-01 6.757316987492245630e-02 9.944992047816603176e-01 7.398869146860849455e-02 9.935838788178502634e-01 7.988019975229106173e-02 9.926689734359339656e-01 8.535628126791380832e-02 9.917544885071271077e-01 9.049239584134342873e-02 9.908404239026684657e-01 9.534351101192239941e-02
6.060606060606060774e-02 9.963336429779630077e-01 6.038385715017957622e-02 9.926740152718915855e-01 8.523883654426954448e-02 9.890211086451698996e-01 1.042039824376540247e-01 9.853749148687448445e-01 1.201031418716293625e-01 9.817354257211191593e-01 1.340323297276224401e-01 9.781026329883492076e-01 1.465547463365088621e-01 9.744765284640315439e-01 1.580056030596965477e-01 9.708571039493060217e-01 1.686037274074412839e-01 9.672443512528476894e-01 1.785014085684731300e-01 9.636382621908602397e-01 1.878097398298839704e-01
9.090909090909091161e-02 9.917695939779197500e-01 9.016087217981089141e-02 9.835731510524824417e-01 1.269798409253315441e-01 9.754105777259104437e-01 1.548743841095945595e-01 9.672817806935239959e-01 1.780925047022653418e-01 9.591866668434211318e-01 1.982872621766834098e-01 9.511251432561590446e-01 2.163102421533529551e-01 9.430971172044374518e-01 2.326695704177598190e-01 9.351024961527812929e-01 2.476977867593327109e-01 9.271411877572171001e-01 2.616269004443591006e-01 9.192130998649623574e-01 2.746265894144436226e-01
1.212121212121212155e-01 9.854150280001890971e-01 1.194442458182047445e-01 9.709369375979824968e-01 1.676787565166180383e-01 9.565652059866093238e-01 2.038513349262492669e-01 9.422993122782054032e-01 2.336494838704840094e-01 9.281387374981758809e-01 2.592947257088997204e-01 9.140829645795762737e-01 2.819356847798592525e-01 9.001314783574992928e-01 3.022602353100785066e-01 8.862837655634843159e-01 3.207202127067531050e-01 8.725393148199358517e-01 3.376320300881477943e-01 8.588976166345564378e-01 3.532279617158212703e-01
1.515151515151515194e-01 9.773046622194879740e-01 1.480764639726497023e-01 9.548688343448440419e-01 2.070080275529638802e-01 9.326905343383663505e-01 2.506106090050528312e-01 9.107677915246022993e-01 2.860327138202500841e-01 8.890986465382199055e-01 3.160804371309507976e-01 8.676811512720794539e-01 3.422117554703653086e-01 8.465133688255009892e-01 3.653040942207008146e-01 8.255933734527379775e-01 3.859366507059053819e-01 8.049192505116340435e-01 4.045170511630036270e-01 7.844890964124916488e-01 4.213460299760607430e-01
1.818181818181818232e-01 9.674825879029631537e-01 1.759059250732660229e-01 9.354996924350965637e-01 2.446566681645239438e-01 9.040454398675253911e-01 2.946614927060793310e-01 8.731140049341307163e-01 3.345583386490650346e-01 8.426996105114884505e-01 3.677592973804376664e-01 8.127965273005715030e-01 3.960481883789676583e-01 7.833990735102028813e-01 4.205051947297904769e-01 7.545016145422600573e-01 4.418477927420232376e-01 7.260985626786066183e-01 4.605840674959301717e-01 6.981843767697609726e-01 4.770911914058793557e-01
2.121212121212121271e-01 9.560018711796403057e-01 2.027882757047722029e-01 9.129861763331734714e-01 2.803339047415276397e-01 8.709382358703049443e-01 3.355539466938430304e-01 8.298435349563862973e-01 3.786119504299475524e-01 7.896877220319974411e-01 4.135533565882605345e-01 7.504566073436232942e-01 4.425089698955348982e-01 7.121361614853364275e-01 4.667787042015491550e-01 6.747125139514492664e-01 4.872323535769639835e-01 6.381719517000216113e-01 5.044903376157932051e-01 6.025009177271873906e-01 5.190164856467480714e-01
2.424242424242424310e-01 9.429240755574340715e-01 2.285876546805900855e-01 8.875088865439577646e-01 3.137724993961873987e-01 8.337220593747708408e-01 3.728849984999165756e-01 7.815316947055106489e-01 4.176589959008088493e-01 7.309063618690486708e-01 4.528070805758302453e-01 6.818150933667073144e-01 4.808331709955945832e-01 6.342273794134297704e-01 5.032778427640078878e-01 5.881131625364564020e-01 5.211804424137460590e-01 5.434428322270543621e-01 5.352882057045955655e-01 5.001872196448658991e-01 5.461639711974308753e-01
2.727272727272727071e-01 9.283187121981094636e-01 2.531778305994843992e-01 8.592702129437046477e-01 3.447317048022950914e-01 7.927896330830586091e-01 4.063042514188005550e-01 7.288133051931859896e-01 4.512534359206443191e-01 6.672787457494609997e-01 4.849995595979221807e-01 6.081246375139111038e-01 5.104508650708490247e-01 5.512908121418274021e-01 5.294134002705189745e-01 4.967182330043902194e-01 5.431162759761520853e-01 4.443489782250010789e-01 5.524502972775133802e-01 3.941262239270451606e-01 5.580913669359731655e-01
3.030303030303030387e-01 9.122626248163154816e-01 2.764432196413077469e-01 8.284919521977374135e-01 3.729998078145930207e-01 7.485674996259259473e-01 4.355184154690212028e-01 6.723715376840839753e-01 4.790444870187974269e-01 5.997890396509324429e-01 5.097533885136006360e-01 5.307076318644312618e-01 5.309937413756197211e-01 4.650175448451556726e-01 5.448653184000203931e-01 4.026115651693772945e-01 5.528095885615471605e-01 3.433849880819805911e-01 5.558792307005999689e-01 2.872355708394961904e-01 5.548781488343262902e-01
3.333333333333333703e-01 8.948393168143697896e-01 2.982797722714566335e-01 7.954127260572175784e-01 3.983962271429715152e-01 7.015098347865738049e-01 4.602947879678080390e-01 6.129260615399751977e-01 5.007813231996894876e-01 5.294625076733607827e-01 5.268400427943951136e-01 4.509258310762163657e-01 5.423001926134161099e-01 3.771281222253332621e-01 5.495860957566458538e-01 3.078867825400459779e-01 5.503755240093223255e-01 2.430244050023651070e-01 5.459017319683843183e-01 1.823686570058784817e-01 5.371111998274074040e-01
3.636363636363636465e-01 8.761382288890751102e-01 3.185957195960273380e-01 7.602852399450651388e-01 4.207731388019759211e-01 6.520919527494195567e-01 4.804636344348648391e-01 5.512207495942214042e-01 5.163156674868693008e-01 4.573451736875181473e-01 5.361816737792898246e-01 3.701496339886012898e-01 5.444148283102631103e-01 2.893291165482948513e-01 5.437960550501922397e-01 2.145889022313705874e-01 5.362632257393030732e-01 1.456442907002375164e-01 5.232476713131882784e-01 8.222033054106339667e-02 5.058509997725254559e-01
3.939393939393939226e-01 8.562539758420180114e-01 3.373121723014010365e-01 7.233734231172236351e-01 4.400166118841793983e-01 6.008036203513319462e-01 4.959194444645093069e-01 4.880111984769867073e-01 5.256022550187617881e-01 3.844834815793514715e-01 5.378493461971304290e-01 2.897278446293041210e-01 5.375825374043200489e-01 2.032710878286672074e-01 5.279707864356267821e-01 1.246588271992029040e-01 5.112337562459448037e-01 5.345490105422235488e-02 4.890151381921011842e-01 -1.075920800130595982e-02 4.625801703380820196e-01
4.242424242424242542e-01 8.352855516845781869e-01 3.543635673813362308e-01 6.849494927955265267e-01 4.560472462209214650e-01 5.481422987100807998e-01 5.066210612809719516e-01 4.240523203613584258e-01 5.286972013594183339e-01 3.119044291639060940e-01 5.320578380669528373e-01 2.109587024105122888e-01 5.222373880004387292e-01 1.205091481030910738e-01 5.028213395477068026e-01 3.988246820372162021e-02 4.763283598675054353e-01 -3.156314068526153843e-02 4.446232100046985658e-01 -9.443915018087573054e-02 4.091369180810884854e-01
4.545454545454545858e-01 8.133355123498386963e-01 3.696979601590176245e-01 6.452909850048307305e-01 4.688203124990311665e-01 4.946064294929847227e-01 5.125907073206971143e-01 3.600862554676642069e-01 5.257543596171178057e-01 2.405966282819554103e-01 5.191572146642711161e-01 1.350629171002502849e-01 4.989868039437310165e-01 4.246723088477075830e-02 4.692679692221547461e-01 -3.815396033666689640e-02 4.328284171988525664e-01 -1.077121214483823808e-01 3.917545267874614212e-01 -1.670688679313311054e-01 3.476365151912710894e-01
4.848484848484848619e-01 7.905091454049019140e-01 3.832771614084373168e-01 6.046777944189928311e-01 4.783254042047920818e-01 4.406888795452936214e-01 5.139119507934670761e-01 2.968308416639001690e-01 5.170197966140820389e-01 1.714927091513952784e-01 4.996214715582748545e-01 6.315936869827701305e-02 4.685915917883994308e-01 -2.959297858577359872e-02 4.284084381137777120e-01 -1.081011820012306862e-01 3.822087134749997395e-01 -1.736193330622625985e-01 3.322901406437970273e-01 -2.273227901360077574e-01 2.803843959468149682e-01
5.151515151515151381e-01 7.669136361005036706e-01 3.950767216275321569e-01 5.633892643529870847e-01 4.845856191826524717e-01 3.868706517583778703e-01 5.107266792258204902e-01 2.349688591078637478e-01 5.028245604914461930e-01 1.054534420115818827e-01 4.740346143672642398e-01 -3.755961406737347297e-03 4.319425036666599826e-01 -9.459767073734701159e-02 3.814820367176910976e-01 -1.688756455403261914e-01 3.260858468127919019e-01 -2.282668232678235765e-01 2.682393514186298678e-01 -2.743281260366792207e-01 2.097847108226718882e-01
5.454545454545454142e-01 7.426572389044385769e-01 4.050857666751482844e-01 5.217013661725395934e-01 4.876562964553610713e-01 3.336149621115015451e-01 5.032311650040955930e-01 1.751382447043798307e-01 4.835759486980524269e-01 4.325389505945632929e-02 4.430746028448914742e-01 -6.482737014762365857e-02 3.900341081904181717e-01 -1.516805108156248361e-01 3.298305927761702172e-01 -2.196791905506972620e-01 2.661637288274365520e-01 -2.710081480670002430e-01 2.016673613402490406e-01 -3.076749410379547300e-01 1.382482615033422124e-01
5.757575757575758013e-01 7.178484633476667209e-01 4.133066910183536002e-01 4.798840048825540050e-01 4.876233411007550034e-01 2.813617730041748644e-01 4.916713244950474682e-01 1.179234439299120807e-01 4.597475154260886043e-01 -1.442811354123462765e-02 4.074956326666533402e-01 -1.193527848646378231e-01 3.439368005461023170e-01 -2.001958335361705699e-01 2.748578047636599520e-01 -2.600092644837289635e-01 2.041781767907308864e-01 -3.015719871231473115e-01 1.346235790979027624e-01 -3.274088356368861641e-01 6.810364014472303218e-02
6.060606060606060774e-01 6.925952825756671594e-01 4.197547167125255663e-01 4.381984845680758633e-01 4.846011762853470461e-01 2.305228615848356477e-01 4.763372860901566863e-01 6.384803713077032150e-02 4.318680805634390607e-01 -6.702107819148396539e-02 3.681092588158534906e-01 -1.667928752653399238e-01 2.947678131401432755e-01 -2.397252727188155519e-01 2.179882471589257298e-01 -2.896597048155600818e-01 1.418425636480014629e-01 -3.200529892447677716e-01 6.907328194411763156e-02 -3.340071876173167920e-01 1.515125422651289813e-03
6.363636363636363535e-01 6.670043724531670160e-01 4.244573279247426667e-01 3.968951637737853644e-01 4.787303669064643663e-01 1.814774890832040743e-01 4.575573932397962174e-01 1.336874461984960578e-02 4.005100177050018861e-01 -1.140662610135601135e-01 3.257648792857770759e-01 -2.067758410745615671e-01 2.436620893739682991e-01 -2.700778792622370306e-01 1.606273596088495514e-01 -3.087124290147783556e-01 8.079638374277320345e-02 -3.268906879183721692e-01 6.835112167438785018e-03 -3.283405601963136355e-01 -5.958953532873830644e-02
6.666666666666667407e-01 6.411803884299545064e-01 4.274535922866363746e-01 3.562113269055302012e-01 4.701749636086692830e-01 1.345687234976446489e-01 4.356917760482094670e-01 -3.312911929244864023e-02 3.662771065135603243e-01 -1.552214881303020655e-01 2.813300969694297327e-01 -2.390979175890025621e-01 1.917438562860008799e-01 -2.912839852794747442e-01 1.041236508293561652e-01 -3.175206791551510310e-01 2.255841501669437338e-02 -3.228377485655261059e-01 -5.047344426195023853e-02 -3.116214276184261500e-01 -1.135788788322306814e-01
6.969696969696970168e-01 6.152252866525784736e-01 4.287933816063426162e-01 3.163692934117942057e-01 4.591196191588939324e-01 9.010045371755491528e-02 4.111256292128815937e-01 -7.533470785901057176e-02 3.297922347913196384e-01 -1.902623048317431120e-01 2.356714616648331595e-01 -2.637197617935854166e-01 1.400996787956274026e-01 -3.035832602889058096e-01 4.973422585039907751e-02 -3.166847366729532154e-01 -3.151407753289713759e-02 -3.089191637592249573e-01 -1.014808558862667631e-01 -2.853428033007993081e-01 -1.591630808222709026e-01
7.272727272727272929e-01 5.892376950158820792e-01 4.285365054660960626e-01 2.775747819496303670e-01 4.457665312577613892e-01 4.833511861990806568e-02 3.842623350250772840e-01 -1.130132177918465458e-01 2.916852282885724068e-01 -2.190805735331455839e-01 1.896360641259890734e-01 -2.807589924962321515e-01 8.975370190460242592e-02 -3.074075709437645854e-01 -1.405411875584435108e-03 -3.070212467554619962e-01 -8.025893535839349890e-02 -2.863842876853774921e-01 -1.450953439079775975e-01 -2.512096588592008795e-01 -1.954236888252282311e-01
7.575757575757575690e-01 5.633123390047616308e-01 4.267517719733042725e-01 2.400155420552887164e-01 4.303322668286226893e-01 9.492160208396415930e-03 3.555165679008033819e-01 -1.460060111392556259e-01 2.525810720186330571e-01 -2.416806596311620592e-01 1.440344115056359231e-01 -2.904792558774922373e-01 4.164569098315093476e-02 -3.033593938692025760e-01 -4.830651664022451997e-02 -2.895274642443284585e-01 -1.227346516233379647e-01 -2.566537883165138645e-01 -1.805269019720979751e-01 -2.110661868084079407e-01 -2.218272421558797614e-01
7.878787878787878451e-01 5.375395262959041798e-01 4.235159904149548016e-01 2.038602611204852477e-01 4.130445226837041739e-01 -2.625280421169073203e-02 3.253075116620581242e-01 -1.742293455788092582e-01 2.130887663374715912e-01 -2.581734050450859574e-01 9.962496019220529186e-02 -2.932762702837678481e-01 -3.387631699113402908e-03 -2.921866379777984801e-01 -9.014665220657573641e-02 -2.653418492121949468e-01 -1.582373588057758851e-01 -2.212636909445596101e-01 -2.072972688058127011e-01 -1.668219839854574726e-01 -2.382230119891882714e-01
8.181818181818182323e-01 5.120046931872431761e-01 4.189129307895625987e-01 1.692577498139646308e-01 3.941388762658919465e-01 -5.876810920710082153e-02 2.940523127877636145e-01 -1.976718035247941319e-01 1.737910351101734641e-01 -2.687681360698651045e-01 5.710062004650223733e-02 -2.896613690122705753e-01 -4.462757923204088012e-02 -2.747548057067077942e-01 -1.262832915036879167e-01 -2.357024984787479960e-01 -1.863090896726075918e-01 -1.818086900088509150e-01 -2.252380824564899908e-01 -1.203801220661717269e-01 -2.448257736081581870e-01
8.484848484848485084e-01 4.867880150149040963e-01 4.130322551641610884e-01 1.363364045725855844e-01 3.738555779748749530e-01 -8.796549852961456362e-02 2.621598824150250806e-01 -2.163905349879476636e-01 1.352350728781510636e-01 -2.737629901483754069e-01 1.707747569561638562e-02 -2.802431059247750822e-01 -8.148457584607859960e-02 -2.520174608922488013e-01 -1.562613342084480661e-01 -2.019048996982240329e-01 -2.067374736168858251e-01 -1.398868217200955055e-01 -2.344779089372336922e-01 -7.356983737421084191e-02 -2.421851277564396887e-01
8.787878787878787845e-01 4.619640818184067577e-01 4.059684355373877618e-01 1.052039414976720794e-01 3.524364334972759916e-01 -1.137989545578018818e-01 2.300251473577391848e-01 -2.305064497600396722e-01 9.792448410528609148e-02 -2.735338745941805483e-01 -1.991410174858226217e-02 -2.657075153735766748e-01 -1.135052024010173577e-01 -2.249859747575119751e-01 -1.798146237548566007e-01 -1.652604400393650197e-01 -2.195473387540315957e-01 -9.704742566499205414e-02 -2.354192498132352263e-01 -2.808623127525686561e-02 -2.311433933370400651e-01
9.090909090909091717e-01 4.376016396389106333e-01 3.978196723990097272e-01 7.594739200344724495e-02 3.301218206782692843e-01 -1.362629516504196836e-01 1.980238362225855975e-01 -2.401985108768489308e-01 6.231253141594966793e-02 -2.685223887931897369e-01 -5.343585298375632536e-02 -2.467976252100326229e-01 -1.403752263850433502e-01 -1.946994923053311788e-01 -1.968617433740759148e-01 -1.270569967689127444e-01 -2.249849645274270005e-01 -5.474409036784068372e-02 -2.287069770697628956e-01 1.456105419875399799e-02 -2.127844805299587971e-01
9.393939393939394478e-01 4.137633969953699586e-01 3.886868274804990975e-01 4.863334693793142788e-02 3.071478809166159896e-01 -1.553901934293333564e-01 1.665078712687811102e-01 -2.456972932255724607e-01 2.879677235803430185e-02 -2.592230499391946497e-01 -8.314551222002855568e-02 -2.242928103162326603e-01 -1.619187527432052742e-01 -1.621960020118361490e-01 -2.074965485216651029e-01 -8.852278892062517834e-02 -2.234959604128329558e-01 -1.429398915627442569e-02 -2.151899078286747258e-01 5.308870925472439911e-02 -1.883764095940172745e-01
9.696969696969697239e-01 3.905058952913660897e-01 3.786723833128398664e-01 2.330843268497589937e-02 2.837439199653095656e-01 -1.712489005784649798e-01 1.358014204162530103e-01 -2.472779785262537999e-01 -2.284873274364531293e-03 -2.461701611811073775e-01 -1.087982155837148440e-01 -1.989885454960913236e-01 -1.780937424755917597e-01 -1.284853058277551363e-01 -2.119740448825207513e-01 -5.079448578833091477e-02 -2.156979265147586922e-01 2.315531616389342878e-02 -1.958774087297835975e-01 8.646922605634900505e-02 -1.593102610994769630e-01
1.000000000000000000e+00 3.678794411714423340e-01 3.678794411714423340e-01 0.000000000000000000e+00 2.601300475114444732e-01 -1.839397205857211670e-01 1.061976471948306577e-01 -2.452529607809615375e-01 -3.065662009762016790e-02 -2.299246507321514588e-01 -1.302455443474634933e-01 -1.716770725466731373e-01 -1.889842424684286537e-01 -9.452457863432887908e-02 -2.106923427675040927e-01 -1.489035833312983732e-02 -2.023491768390115464e-01 5.665087922206066273e-02 -1.718930070731543580e-01 1.139485482464454164e-01 -1.270383300091451340e-01
1.030303030303030276e+00 3.459280981787391518e-01 3.564107678205191143e-01 -2.128299593937146156e-02 2.365150791291980581e-01 -1.935923339507163166e-01 7.795617986918029763e-02 -2.399642348205298648e-01 -5.610590700127073005e-02 -2.110611918198752324e-01 -1.474323691547785031e-01 -1.431294391927627474e-01 -1.947897499246802888e-01 -6.119708156168501834e-02 -2.041715072612594051e-01 1.831096658822548365e-02 -1.843148738370499751e-01 8.545081664226369944e-02 -1.444269844421638138e-01 1.350520032183604446e-01 -9.301411728230671305e-02
1.060606060606060552e+00 3.246897344727390222e-01 3.443679001983595556e-01 -4.054894755582411081e-02 2.130947182855191802e-01 -2.003618327593230664e-01 5.130130487078435331e-02 -2.317757350681843853e-01 -7.848314139198088457e-02 -1.901558873603157451e-01 -1.603917112480851281e-01 -1.140792999164474408e-01 -1.958121962635109015e-01 -2.929445739586108988e-02 -1.930301775453094060e-01 4.808582219740142188e-02 -1.625319340355979858e-01 1.090321880316098557e-01 -1.146898438120927954e-01 1.495791025106325278e-01 -5.863654261264753670e-02
1.090909090909090828e+00 3.041961228523828997e-01 3.318503158389631280e-01 -5.782240351739503792e-02 1.900500301613685106e-01 -2.044249472539167445e-01 2.642087438528800333e-02 -2.210657824596309051e-01 -9.770018747921438429e-02 -1.677747711073321601e-01 -1.692378772883906812e-01 -8.520879336523563830e-02 -1.924410774451912332e-01 4.971057787896538240e-04 -1.779608484402332713e-01 7.387479119368539626e-02 -1.379740221561238100e-01 1.270906275723278356e-01 -8.386838192957261906e-02 1.575882210012632678e-01 -2.520041926805553778e-02
1.121212121212121327e+00 2.844730888994095319e-01 3.189546754326713085e-01 -7.314275931297957445e-02 1.675462132568257823e-01 -2.059761942091332398e-01 3.465903804555105477e-03 -2.082197850666536176e-01 -1.137277127046394803e-01 -1.444633400655678523e-01 -1.741581549756883174e-01 -5.713673088751601570e-02 -1.851372800948454245e-01 2.760669910322504153e-02 -1.597046937748237139e-01 9.528609048289000960e-02 -1.116178601680984928e-01 1.395323419310202928e-01 -5.308587674380089994e-02 1.593725180877944014e-01 6.145181076760781319e-03
1.151515151515151603e+00 2.655407027114922158e-01 3.057741425162637805e-01 -8.656285533753883821e-02 1.457316691906408446e-01 -2.052240176919873094e-01 -1.744917796775511884e-02 -1.936233228835266273e-01 -1.265915263887772979e-01 -1.207372925384730122e-01 -1.754033770149818761e-01 -3.040924871687362280e-02 -1.744161560140949918e-01 5.158449994486102169e-02 -1.390267673020068040e-01 1.120933725455949270e-01 -8.441194503573987151e-02 1.464593397034869848e-01 -2.336762874740048665e-02 1.554287325560245736e-01 3.442950492559222753e-02
1.181818181818181879e+00 2.474135094349772246e-01 2.923977838777003790e-01 -9.814750787503234708e-02 1.247373658861186119e-01 -2.023869883032583250e-01 -3.624567344966520693e-02 -1.776557300122942329e-01 -1.363680599010409222e-01 -9.707460370713363873e-02 -1.732776710523790120e-01 -5.492995181177732188e-03 -1.608303828151992632e-01 7.210368435576763879e-02 -1.166923461758647557e-01 1.242284384144424492e-01 -5.724860267823199400e-02 1.481489555587160722e-01 4.387209542578552821e-03 1.464206608904275175e-01 5.888294699965163775e-02
1.212121212121212155e+00 2.301007936315979663e-01 2.789100528867854423e-01 -1.079719977463237668e-01 1.046764845437880148e-01 -1.976901214453314348e-01 -5.287921412415030886e-02 -1.606842687070113851e-01 -1.431791480406476857e-01 -7.390902747025517028e-02 -1.681277133916097011e-01 1.722915338919723399e-02 -1.449531171956958131e-01 8.895868344077399736e-02 -9.344508893199270083e-02 1.317695001601448812e-01 -3.094011492606464284e-02 1.450288729328185200e-01 2.942690431741844595e-02 1.331392146227505235e-01 7.894992343852459682e-02
1.242424242424242431e+00 2.136068724198479651e-01 2.653903566428413852e-01 -1.161205403788338059e-01 8.564433650992077374e-02 -1.913613687355577575e-01 -6.733787533142458759e-02 -1.430589699955737704e-01 -1.471862768832547519e-01 -5.162507071961250360e-02 -1.603317952552968106e-01 3.745992636500745238e-02 -1.273619019754044790e-01 1.020601211777069500e-01 -6.998756950427907630e-02 1.349257395964991169e-01 -6.199450506978577621e-03 1.376489307058583189e-01 5.116122482675785482e-02 1.164609487068980626e-01 9.429203014183552833e-02
1.272727272727272707e+00 1.979314123158872896e-01 2.519127065838565604e-01 -1.226847596999301182e-01 6.771853241533136447e-02 -1.836283295872342680e-01 -7.963987865856894666e-02 -1.251081954650019867e-01 -1.485844642776321667e-01 -3.055444547014518272e-02 -1.502889929956111592e-01 5.498718479375425128e-02 -1.086237309850303090e-01 1.114268515845026480e-01 -4.696462642777345792e-02 1.340189828472190536e-01 1.637408020262844793e-02 1.266510226627829694e-01 6.916836774986920289e-02 9.730686664768689598e-02 1.047821354934757587e-01
1.303030303030302983e+00 1.830697647559280383e-01 2.385454510456031796e-01 -1.277621866065246081e-01 5.095938282118993995e-02 -1.747152224183918801e-01 -8.983095542927214960e-02 -1.071349548171186689e-01 -1.475959357682213036e-01 -1.097396636206542445e-02 -1.384087091112050638e-01 6.968133749719464254e-02 -8.928161000896295274e-02 1.171755732611000217e-01 -2.494983747183734599e-02 1.294633473030236959e-01 3.630413474938962159e-02 1.127383670870334975e-01 8.319503603139107029e-02 7.660314941683338263e-02 1.104904030069455978e-01
1.333333333333333481e+00 1.690133154060660114e-01 2.253510872080880523e-01 -1.314548008713847249e-01 3.541050709168885868e-02 -1.648401471244347605e-01 -9.798144645145230591e-02 -8.941399447865490402e-02 -1.444637513789389649e-01 6.895173107304450148e-03 -1.251008204712916183e-01 8.149089007125248640e-02 -6.984288014426090485e-02 1.195085386312085274e-01 -4.435299831765201171e-03 1.217437196492765217e-01 5.324169672606457460e-02 9.664534311802464028e-02 9.315023889273703339e-02 5.524523694347485692e-02 1.116635129958962191e-01
1.363636363636363757e+00 1.557498425497832184e-01 2.123861489315225781e-01 -1.338676332659294033e-01 2.109962532539488844e-02 -1.542126625587686983e-01 -1.041832129367145227e-01 -7.218965433051566238e-02 -1.394455279127935765e-01 2.288684197366178466e-02 -1.107666351621575812e-01 9.043640357225352089e-02 -5.076949504290793891e-02 1.186998938799544989e-01 1.417523035659319121e-02 1.113938936915261357e-01 6.696474403327737357e-02 7.910896782355891776e-02 9.909358787978381211e-02 3.406642787820262502e-02 1.086985459255850467e-01
1.393939393939394034e+00 1.432638800805546564e-01 1.997011661728943788e-01 -1.351074424634799431e-01 8.039506911227093863e-03 -1.430316949876902777e-01 -1.085464316029535747e-01 -5.567447288906079289e-02 -1.328073877567441385e-01 3.688825191109421087e-02 -9.579082127930253765e-02 9.660316250532742510e-02 -3.247036834511424913e-02 1.150811845935317268e-01 3.056990358925378362e-02 9.897513838133362163e-02 7.737364169507049416e-02 6.084293187416105197e-02 1.012190221642978866e-01 1.381187107054776715e-02 1.021131008669709239e-01
1.424242424242424310e+00 1.315370809094688342e-01 1.873406909922737951e-01 -1.352814789886181146e-01 -3.770951389143405250e-03 -1.314837859873138060e-01 -1.111963435824680907e-01 -4.004850634151734673e-02 -1.248182492299255014e-01 4.883721659494476286e-02 -8.053443120489008067e-02 1.001328635468264616e-01 -1.529583477111258819e-02 1.090265430812702996e-01 4.452921828026520229e-02 8.505588433950596328e-02 8.448279768739552775e-02 4.251493161975859747e-02 9.983500194336673850e-02 -4.881483444263975263e-03 9.251325198305486441e-02
1.454545454545454586e+00 1.205485769175922844e-01 1.753433846074069768e-01 -1.344963461477269306e-01 -1.434554502553204818e-02 -1.197416811770059819e-01 -1.122700220805465943e-01 -2.545931394772773734e-02 -1.157445558944497216e-01 5.871854488459932880e-02 -6.532910479439840712e-02 1.012146377513577916e-01 4.657998869281416922e-04 1.009380384676680786e-01 5.592359964836036978e-02 7.019311647512764540e-02 8.840921281322268455e-02 2.472784091178628976e-02 9.534226139911318454e-02 -2.149871006960192565e-02 8.056089963126272790e-02
1.484848484848484862e+00 1.102753319320311787e-01 1.637421595354402459e-01 -1.328569655599861343e-01 -2.370950567155330826e-02 -1.079632546597474457e-01 -1.119132179793180387e-01 -1.202255163594168584e-02 -1.058455235796751659e-01 6.655973102169594757e-02 -5.047249570921105016e-02 1.000757106495338555e-01 1.458970629843403879e-02 9.123162246527406760e-02 6.470845222681813336e-02 5.491594651944217004e-02 8.935861563771378691e-02 8.005066660826832409e-03 8.821021446730616111e-02 -3.565453443915302112e-02 6.694195915443189315e-02
1.515151515151515138e+00 1.006924845754019193e-01 1.525643705687907969e-01 -1.304656526500386493e-01 -3.189819551967038730e-02 -9.629075816583670955e-02 -1.102773359849067575e-01 1.768927681037688754e-04 -9.536896475179519606e-02 7.242610848916074262e-02 -3.622492800074909175e-02 9.697198772846696291e-02 2.691411663942042468e-02 8.032404514151485209e-02 7.091707771585592512e-02 3.971171801086655767e-02 8.760990123769432647e-02 -7.219763249934448707e-03 7.895306194328534366e-02 -4.709504705967451632e-02 5.233666101048374542e-02
1.545454545454545414e+00 9.177367822312086643e-02 1.418320481630049590e-01 -1.274213053015231800e-01 -3.895577638962789691e-02 -8.485037874921629031e-02 -1.075165867021461580e-01 1.108329531189051337e-02 -8.454773085306260816e-02 7.641563278925704583e-02 -2.280725594273095430e-02 9.217882859578620247e-02 3.733823146200718202e-02 6.862104897976399609e-02 7.465188667335946604e-02 2.501487288013722055e-02 8.349858971786462691e-02 -2.060881453592019324e-02 6.810656331169796796e-02 -5.569401381770403003e-02 3.739302358402614435e-02
1.575757575757575690e+00 8.349137569433438821e-02 1.315621677607693440e-01 -1.238187068377869932e-01 -4.493387650217941370e-02 -7.375208451827558465e-02 -1.037853524165844449e-01 2.066809912093867455e-02 -7.359679485031900281e-02 7.865345263937184583e-02 -1.039986980657897804e-02 8.598224308738532107e-02 4.581866709651831460e-02 5.650707912673995359e-02 7.607435069845015774e-02 1.119868829930177438e-02 7.739998994834608459e-02 -3.192196326622551844e-02 5.620631852505818260e-02 -6.144447400666010889e-02 2.270431881269955460e-02
1.606060606060606188e+00 7.581715669369279431e-02 1.217669486292641962e-01 -1.197479426199739710e-01 -4.989027580182976707e-02 -6.308973432478395815e-02 -9.923579658532155623e-02 2.892760310565436338e-02 -6.271097891979957040e-02 7.928641951094794749e-02 8.572356260263198956e-04 7.867070818959001621e-02 5.236468647587769198e-02 4.433667582819542097e-02 7.539414230803107020e-02 -1.430120689022665748e-03 6.971269955389283735e-02 -4.101495549564439930e-02 4.376826202554291029e-02 -6.444644930729864774e-02 8.791094783945756566e-03
1.636363636363636465e+00 6.872199640635957840e-02 1.124541759376793126e-01 -1.152939278552975039e-01 -5.388762852081661198e-02 -5.294142459308307652e-02 -9.401573928898455945e-02 3.588041385764641905e-02 -5.206331633267010511e-02 7.847767267528561741e-02 1.086343412247519659e-02 7.052776742064893745e-02 5.703247035003940896e-02 3.242764438573784991e-02 7.285789424259843383e-02 -1.263403932656970846e-02 6.084299827764372975e-02 -4.783426387462336171e-02 3.127191223423890498e-02 -6.489167054784462929e-02 -3.911937727823170535e-03
1.666666666666666741e+00 6.217652402211629181e-02 1.036275400368604910e-01 -1.105360427059845357e-01 -5.699223932713464585e-02 -4.337004453394530112e-02 -8.826681336075241358e-02 4.156473622328948209e-02 -4.180402249543672261e-02 7.640142163615341875e-02 1.955560303892998203e-02 6.182553572413709148e-02 5.991869029405001018e-02 2.105603092517112016e-02 6.873798054677511538e-02 -2.224482672996286672e-02 5.119060331029409716e-02 -5.240917900807907231e-02 1.914675308494205586e-02 -6.304626405526911337e-02 -1.506409386626072176e-02
1.696969696969697017e+00 5.615126032134729744e-02 9.528698721198329558e-02 -1.055478694929273958e-01 -5.927290695513244556e-02 -3.442400982255310743e-02 -8.212290874650352013e-02 4.603557425017471699e-02 -3.206003796457084637e-02 7.323803070496209822e-02 2.690555182055992534e-02 5.281919434615450770e-02 6.115364047064394959e-02 1.045287089294852541e-02 6.332168088426688712e-02 -3.016129158423033405e-02 4.113615703954101588e-02 -5.484172663420600752e-02 7.761958050237778572e-03 -5.923232916767384032e-02 -2.442214183167312064e-02
1.727272727272727293e+00 5.061683379195538318e-02 8.742907654974112208e-02 -1.003970257030520064e-01 -6.079984673754351698e-02 -2.613814438112688210e-02 -7.570890600001196902e-02 4.936190906651136134e-02 -2.293509624038775688e-02 6.916949218320986303e-02 3.291688162758187736e-02 4.374252284493433673e-02 6.089417279586850640e-02 8.026231249922052011e-04 5.690103981550988926e-02 -3.634509133167861811e-02 3.103071487947736337e-02 -5.529502539579451287e-02 -2.580491218209928720e-03 -5.380928802773425612e-02 -3.183932600451565981e-02
1.757575757575757569e+00 4.554417505850871795e-02 8.004733798162137759e-02 -9.514508563646219275e-02 -6.164370099747001203e-02 -1.853468013405839415e-02 -6.913969378971225599e-02 5.162391403649804755e-02 -1.451026132090607948e-02 6.437535580335490559e-02 3.762141533708636409e-02 3.480448039728373938e-02 5.931666116702167396e-02 -7.756843239465566545e-03 4.976367692653123342e-02 -4.081491328865325535e-02 2.118739804316108546e-02 -5.398069608042649348e-02 -1.164938382665037589e-02 -4.715580454562122437e-02 -3.726050114525420592e-02
1.787878787878787845e+00 4.090468969051105214e-02 7.313262702242885605e-02 -8.984758286474051059e-02 -6.187464386693335150e-02 -1.162434542695688598e-02 -6.251945997325959736e-02 5.291026050225329513e-02 -6.844874361167430088e-03 5.902916334026660911e-02 4.107533456234947061e-02 2.618681681591727983e-02 5.661019606052716813e-02 -1.513287803582592968e-02 4.218474445449164195e-02 -4.363941584490109438e-02 1.187527751696622683e-02 -5.114590472948320893e-02 -1.928477370327883259e-02 -3.965295878510492755e-02 -4.071401022752125370e-02
1.818181818181818343e+00 3.667040971370381236e-02 6.667347220673421060e-02 -8.455408520763112168e-02 -6.156158481798565396e-02 -5.407514143288446630e-03 -5.594124124087620359e-02 5.331555983711459834e-02 2.215472718076463078e-05 5.329541917604117829e-02 4.335515403293562636e-02 1.804266586963453739e-02 5.297018246783590650e-02 -2.127549129046163445e-02 3.442016897441165652e-02 -4.492931134010174493e-02 3.315464671889939256e-03 -4.706057275126341449e-02 -2.539570917348620699e-02 -3.166923385824146897e-02 -4.230101436131915305e-02
1.848484848484848619e+00 3.281412437551374517e-02 6.065641172443450579e-02 -7.930833366056216915e-02 -6.077147305918853548e-02 1.246106689443538093e-04 -4.948671257080537733e-02 5.293797964675985707e-02 6.070776407121264602e-03 4.732711054320837968e-02 4.455365426203377471e-02 1.049605009392488159e-02 4.859248318723201343e-02 -2.617381928866513094e-02 2.670125512778635107e-02 -4.482896096159182803e-02 -4.320696206909342696e-03 -4.200522143388716462e-02 -2.995559657573393722e-02 -2.354773263469756017e-02 -4.218301839804593917e-02
1.878787878787878896e+00 2.930949091255603128e-02 5.506631625995375701e-02 -7.414843660614497955e-02 -5.956870299375483652e-02 4.988802717158932580e-03 -4.322619478880576627e-02 5.187706399704781340e-02 1.129801671633793268e-02 4.126377556654853285e-02 4.477588150610689599e-02 3.642207581044877747e-03 4.366821725650123914e-02 -2.985183643833129452e-02 1.923067432027811274e-02 -4.350782808908013055e-02 -1.091150554334610438e-02 -3.625984062113181416e-02 -3.299564909879380836e-02 -1.559589876128114096e-02 -4.056833290250940610e-02
1.909090909090909172e+00 2.613112623448382577e-02 4.988669553856003164e-02 -6.910711070276714940e-02 -5.801461917813714730e-02 9.208629588608675115e-03 -3.721885636560340327e-02 5.023177973168450189e-02 1.571604190419121846e-02 3.523010336859287717e-02 4.413531022703687939e-02 -2.451362656672910825e-03 3.837929102986997049e-02 -3.236353347443193113e-02 1.217981147211189691e-02 -4.115210224830274932e-02 -1.638308150701000068e-02 -3.009408640116127687e-02 -3.459689962906935951e-02 -8.077877546298952924e-03 -3.769817653180063816e-02
1.939393939393939448e+00 2.325468057495863258e-02 4.509998656961674429e-02 -6.421196004490414833e-02 -5.616711767689899770e-02 1.281330015201818766e-02 -3.151308418961959457e-02 4.809880345358853726e-02 1.935013249518663381e-02 2.933503860977119959e-02 4.275024822319371809e-02 -7.743249325084851191e-03 3.289470817632946659e-02 -3.378777466480686886e-02 5.687399566354430468e-03 -3.795676371671486554e-02 -2.070609213848122881e-02 -2.375902489199385390e-02 -3.488126051113892706e-02 -1.209523147419187643e-03 -3.383305797043180407e-02
1.969696969696969724e+00 2.065689426808943463e-02 4.068782204320646467e-02 -5.948578551398389647e-02 -5.408033939046217459e-02 1.583655861544866136e-02 -2.614699736898620092e-02 4.557105673716078942e-02 2.223662222631020424e-02 2.367135302943103661e-02 4.074054890101233561e-02 -1.221598873369420489e-02 2.736767565172124744e-02 -3.422303242827010039e-02 -1.406641937736980222e-04 -3.411831138549399622e-02 -2.389133396121903216e-02 -1.748055264894735408e-02 -3.400209620118056775e-02 4.844055967989368237e-03 -2.923998970964082969e-02
2.000000000000000000e+00 1.831563888873417867e-02 3.663127777746835734e-02 -5.494691666620253601e-02 -5.180444983995192293e-02 1.831563888873417867e-02 -2.114907808558131111e-02 4.273649074037975254e-02 2.442085185164556693e-02 1.831563888873417867e-02 3.822467936611178424e-02 -1.587355370356962475e-02 2.193349624423224578e-02 -3.378217839477636736e-02 -5.230454826974728980e-03 -2.982832619022423790e-02 -2.598445420543620335e-02 -1.145454241612899396e-02 -3.213473997621298789e-02 9.968617568012996810e-03 -2.418098377501150947e-02
2.030303030303030276e+00 1.620994404928586055e-02 3.291109852430765259e-02 -5.060955901521756867e-02 -4.938549902561543276e-02 2.029029019601633413e-02 -1.653889407326154803e-02 3.967711569101177449e-02 2.595518169262816047e-02 1.332867366970742241e-02 3.531717761777702219e-02 -1.873858611874407512e-02 1.670821519742360720e-02 -3.258748670966483962e-02 -9.538262785603508070e-03 -2.526799157932124729e-02 -2.706011071447513711e-02 -5.843688827004649318e-03 -2.946733675902399319e-02 1.409885221193076486e-02 -1.890316864339211533e-02
2.060606060606060552e+00 1.432001117595112227e-02 2.950790181711140242e-02 -4.648415014415722274e-02 -4.686535432515943206e-02 2.180188226584508018e-02 -1.232788834434452897e-02 3.646826579560245862e-02 2.689710027788511787e-02 8.756101872932948657e-03 3.212651755906947154e-02 -2.084948143424618025e-02 1.178796907543311692e-02 -3.076597959090917808e-02 -1.304811019940501325e-02 -2.060364315214122458e-02 -2.721584938263719305e-02 -7.759644781020724443e-04 -2.619233457441667856e-02 1.721472997705281865e-02 -1.363075334711217473e-02
2.090909090909090828e+00 1.262721559624003891e-02 2.640235988304735423e-02 -4.257771870467715047e-02 -4.428169895475154993e-02 2.289259594145189383e-02 -8.520213260346265818e-03 3.317808600022648796e-02 2.730745968929769799e-02 4.629378143233445903e-03 2.875338713782197783e-02 -2.225742456842792066e-02 7.248969670317378065e-03 -2.844521801726642915e-02 -1.576871110959308583e-02 -1.598337352225205274e-02 -2.656595548659216113e-02 3.655455899802199492e-03 -2.249888104025447866e-02 1.933649420058562024e-02 -8.558954816449255987e-03
2.121212121212121104e+00 1.111409825872132322e-02 2.357535994274220087e-02 -3.889424101376212639e-02 -4.166808826392055104e-02 2.360470274183930350e-02 -5.113587851287616955e-03 2.986722372888777136e-02 2.724886151663694772e-02 9.669160597273667801e-04 2.528937298345957166e-02 -2.302346574000207688e-02 3.148044412954467512e-03 -2.574961308825990391e-02 -1.773004465831903506e-02 -1.153467705796253073e-02 -2.523550459020713205e-02 7.390985814279586556e-03 -1.856631233088070973e-02 2.051868140177099190e-02 -3.849902696800980729e-03
2.151515151515151381e+00 9.764348378432983686e-03 2.100814348087096453e-02 -3.543499062586514398e-02 -3.905405605911194122e-02 2.397993479622185717e-02 -2.100159349923614704e-03 2.658870622614261520e-02 2.678421080333627871e-02 -2.224611456234285630e-03 2.181603459430378131e-02 -2.321571255330624056e-02 -4.763526619151226839e-04 -2.279730705779660360e-02 -1.897970239980552656e-02 -7.363083473117005943e-03 -2.335480295187417760e-02 1.040234239625803525e-02 -1.455885362846190238e-02 2.084354045303373620e-02 3.695539532329208238e-04
2.181818181818181657e+00 8.562778259068216588e-03 1.868242529251247161e-02 -3.219887692459535294e-02 -3.646526323022955540e-02 2.405894469252707960e-02 5.326478563945755054e-04 2.338798240175030824e-02 2.597544919500027402e-02 -4.948871265522713711e-03 1.840434257701783344e-02 -2.290670155646331793e-02 -3.602749055785739452e-03 -1.969764815356550916e-02 -1.957915829875625513e-02 -3.551699975339374111e-03 -2.105436862771494291e-02 1.268941293039720780e-02 -1.062158515763159637e-02 2.041420213594746097e-02 4.008288732606751781e-03
2.212121212121212377e+00 7.495291488548607231e-03 1.658049329284995085e-02 -2.918276943199825738e-02 -3.392368116991593963e-02 2.388085313946326782e-02 2.801310317249052547e-03 2.030310706674928398e-02 2.488247280578321716e-02 -7.218415885101850914e-03 1.511444869042363401e-02 -2.217099912230217212e-02 -6.224971050836214728e-03 -1.654926073904650768e-02 -1.960009364714214095e-02 -1.615591681988940516e-04 -1.846056469692001004e-02 1.427650303128495841e-02 -6.877668912160747952e-03 1.934791546146409288e-02 7.009797952078049982e-03
2.242424242424242653e+00 6.548845640148969610e-03 1.468529022336435841e-02 -2.638180516375898677e-02 -3.144780280577513798e-02 2.348288094794371422e-02 4.725422746898276689e-03 1.736504509864731510e-02 2.356223519243326112e-02 -9.053218601959676579e-03 1.199575048244192269e-02 -2.108306830177838348e-02 -8.350257438305360574e-03 -1.343869266586996888e-02 -1.912089014322652936e-02 2.767345828598029647e-03 -1.569195699038084327e-02 1.520819129300652120e-02 -3.426779984360220094e-03 1.776962279646769616e-02 9.349809270979256987e-03
2.272727272727272929e+00 5.711410539145406369e-03 1.298047849805774277e-02 -2.378967695644037747e-02 -2.905287449037797023e-02 2.290006069153218207e-02 6.326964141381477731e-03 1.459807330476012126e-02 2.206803133976969686e-02 -1.047923503588726879e-02 9.087210058291331910e-03 -1.971542567959601658e-02 -9.997251995618532464e-03 -1.043960514198758599e-02 -1.822338378529798214e-02 5.214466787228425743e-03 -1.285643188179501524e-02 1.554500106618317626e-02 -3.446442614105586885e-04 1.580609520361541190e-02 1.103287396290529229e-02
2.303030303030303205e+00 4.971923077081743386e-03 1.145048951085492553e-02 -2.139890125094778481e-02 -2.675114249233183708e-02 2.216502250123323844e-02 7.629620279214747829e-03 1.202025848688584135e-02 2.044895475580653030e-02 -1.152702274707319979e-02 6.417884861188319010e-03 -1.813710055571062657e-02 -1.119394986172535245e-02 -7.612457283327120003e-03 -1.698995101450566370e-02 7.176677231988535383e-03 -1.004907631613978850e-02 1.535907905915629042e-02 2.316448156220264187e-03 1.358079562609830655e-02 1.208822641234836952e-02
2.333333333333333481e+00 4.320239474094061775e-03 1.008055877288614559e-02 -1.920106432930694662e-02 -2.455210838446416494e-02 2.130784777655035656e-02 8.658167965351532686e-03 9.643991363752718246e-03 1.874951666593855856e-02 -1.223044474650893630e-02 4.007628128271920054e-03 -1.641239824407519574e-02 -1.197566434638564804e-02 -5.004627752052914942e-03 -1.550097757214142190e-02 8.665949492705752114e-03 -7.350793215090620225e-03 1.473004451044482820e-02 4.526306979914009217e-03 1.120958352606726480e-02 1.256518879869115805e-02
2.363636363636363757e+00 3.747085806032662749e-03 8.856748268804476298e-03 -1.718704646568701075e-02 -2.246278821403385056e-02 2.035598413731439654e-02 9.437924402751712502e-03 7.476557495721574895e-03 1.700941387763282853e-02 -1.262547708693540632e-02 1.867917722697146890e-03 -1.459996010716291606e-02 -1.238307108734360874e-02 -2.650909411288960259e-03 -1.383274056816222349e-02 9.706853950264550737e-03 -4.827601319833996034e-03 1.374114351313334217e-02 6.274849321702975768e-03 8.797322835427964435e-03 1.252838124260900916e-02
2.393939393939394034e+00 3.244007528924178901e-03 7.765957417727580372e-03 -1.534722386502972505e-02 -2.048797094814589631e-02 1.933421468117538233e-02 9.994263286116021258e-03 5.520728096669460551e-03 1.526343013480916007e-02 -1.274913524651119685e-02 2.774139425254489371e-06 -1.275210524640441219e-02 -1.246037630107214508e-02 -5.743095326928436724e-04 -1.205571590267444024e-02 1.033399205289385440e-02 -2.530549725189115348e-03 1.247581236795548311e-02 7.569621071933678967e-03 6.435407674190221639e-03 1.205297044063975351e-02
2.424242424242424310e+00 2.803318649984439925e-03 6.795923999962278500e-03 -1.367164862265138857e-02 -1.863047230023225434e-02 1.826467452935433972e-02 1.035219762623681983e-02 3.775355532476681441e-03 1.354145465353221063e-02 -1.263852889604720822e-02 -1.590268568991809765e-03 -1.091443259410926868e-02 -1.225364557755482219e-02 1.212912518586080996e-03 -1.023330690841673003e-02 1.058946149502586719e-02 -4.961638753455629471e-04 1.101472312028240266e-02 8.432998572041973395e-03 4.200178819642426571e-03 1.122015560082674501e-02
2.454545454545454586e+00 2.418051113094179042e-03 5.935216368503894169e-03 -1.215020724596083471e-02 -1.689138064746718154e-02 1.716690771626971229e-02 1.053602794154229368e-02 2.235960321501590051e-03 1.186860097420115549e-02 -1.233004996501801086e-02 -2.919171605350535242e-03 -9.125657492583890903e-03 -1.180931961480435194e-02 2.708036388843519052e-03 -8.420976213280983308e-03 1.052043689704821108e-02 1.252668551277598841e-03 9.433355009136255159e-03 8.899226789179688277e-03 2.152169454352873251e-03 1.011305190621043099e-02
2.484848484848484862e+00 2.081904888366762404e-03 5.173218207456803733e-03 -1.077275853622287199e-02 -1.527029233313059557e-02 1.605795768424750358e-02 1.056905329944852166e-02 8.952985043589988933e-04 1.026540921729594651e-02 -1.185869476561475164e-02 -3.996408595779116918e-03 -7.417653641650023659e-03 -1.117293378314588442e-02 3.916563071916351856e-03 -6.665751542782124076e-03 1.017693325568615019e-02 2.705467017445584068e-03 7.800108496692060786e-03 9.011434692302771124e-03 3.360918828655215800e-04 8.813091220248082253e-03
2.515151515151515138e+00 1.789199180969945190e-03 4.500107030924407718e-03 -9.529251836203565459e-03 -1.376553420297881025e-02 1.495248495989579679e-02 1.047334175171269095e-02 -2.560997192648208553e-04 8.748115221030007549e-03 -1.125751734571165015e-02 -4.838015425160356771e-03 -5.815669446022912054e-03 -1.038804969916886332e-02 4.850845495430564092e-03 -5.006067551643204536e-03 9.609803124898733812e-03 3.862677247814639159e-03 6.174954672420369245e-03 8.818749234062969386e-03 -1.218542160177880050e-03 7.397019507925188357e-03
2.545454545454545414e+00 1.534825104339962313e-03 3.906827538319904147e-03 -8.409826811383429648e-03 -1.237437174328606497e-02 1.386290599160036260e-02 1.026955597757157890e-02 -1.229427229040427200e-03 7.328970797930051649e-03 -1.055720824458776692e-02 -5.462692655387831574e-03 -4.338687166518517650e-03 -9.495399258348599311e-03 5.528717779462769336e-03 -3.471899738373699067e-03 8.869002610258048050e-03 4.734030304720718459e-03 4.608592698317235531e-03 8.373607651774266428e-03 -2.496286521370018677e-03 5.934532352780591373e-03
2.575757575757575690e+00 1.314200097813232951e-03 3.385060858003781804e-03 -7.404896051590447413e-03 -1.109320166485495453e-02 1.279954759672928370e-02 9.976829414272405869e-03 -2.037138390515496212e-03 6.016600400865282361e-03 -9.785790421932904354e-03 -5.890976099513630000e-03 -2.999893718606734018e-03 -8.532234946516316365e-03 5.972166224237565255e-03 -2.085142910323135347e-03 8.002146375940077591e-03 5.336824636328132976e-03 3.142071895942509172e-03 7.729345016984368218e-03 -3.494234431771341045e-03 4.486555504139272572e-03
2.606060606060605966e+00 1.123224308817754279e-03 2.927190622979602020e-03 -6.505211860159390222e-03 -9.917728208124596337e-03 1.177081198268851471e-02 9.612687801543347288e-03 -2.692532215120335259e-03 4.816380766598222715e-03 -8.968422304930138630e-03 -6.144486962135991756e-03 -1.807233299227330517e-03 -7.531874789690682671e-03 6.206077324760601172e-03 -8.601853082458453710e-04 7.053358411367938868e-03 5.694204721886727064e-03 1.806823162599628793e-03 6.938111251803663268e-03 -4.220222975330823953e-03 3.104147695268091173e-03
2.636363636363636243e+00 9.582391052990374457e-04 2.526266732152007526e-03 -5.701918643101710170e-03 -8.843122827247997669e-03 1.078334784984063578e-02 9.193010877033084768e-03 -3.209382316616461988e-03 3.730831539419250144e-03 -8.127296618578201681e-03 -6.245269074483457937e-03 -7.640140829173985675e-04 -6.523426024245970387e-03 6.257090294229044648e-03 1.953699067604190622e-04 6.062413600441195899e-03 5.833499052316598772e-03 6.250365367951692249e-04 6.049150182919638304e-03 -4.690883320922083904e-03 1.827978741989224904e-03
2.666666666666666963e+00 8.159878350721468544e-04 2.175967560192392045e-03 -4.986592325440898817e-03 -7.864167244764826495e-03 9.842223640314664776e-03 8.732028914566161704e-03 -3.601614344742318837e-03 2.760006406938127470e-03 -7.281622887326489810e-03 -6.215217229010065562e-03 1.304561628038510609e-04 -5.531668445685550099e-03 6.152573993107903795e-03 1.079881866254213960e-03 5.064155378465253800e-03 5.784668469221802660e-03 -3.896823568717361829e-04 5.107453418117666871e-03 -4.929640950754109879e-03 6.883174996803256840e-04
2.696969696969697239e+00 6.935789052571720995e-04 1.870561289936009848e-03 -4.351268210024794580e-03 -6.975380153571146893e-03 8.951099550794464413e-03 8.242348876128791080e-03 -3.883030402918000602e-03 1.901875849040709186e-03 -6.447681169048653793e-03 -6.075597507440371262e-03 8.802277019833525508e-04 -4.577076358418940595e-03 5.919741043789158129e-03 1.796790422910802014e-03 4.088167039788792242e-03 5.578903943300718427e-03 -1.231444961435017044e-03 4.152784498369655949e-03 -4.964756278151174693e-03 -2.945483730404648915e-04
2.727272727272727515e+00 5.884512167481391115e-04 1.604866954767652240e-03 -3.788458659890912503e-03 -6.171128080619129978e-03 8.112395467499568247e-03 7.735005131526246150e-03 -4.067078973054471212e-03 1.152694160866806102e-03 -5.638934646963752496e-03 -5.846657831226476434e-03 1.492078635838372603e-03 -3.675957006092526753e-03 5.584905445536375405e-03 2.353713782028496980e-03 3.158668565793768500e-03 5.247401224801766240e-03 -1.901067329202493165e-03 3.219054293004178918e-03 -4.827480322842653965e-03 -1.109546005753066743e-03
2.757575757575757791e+00 4.983419555902353229e-04 1.374215695718527738e-03 -3.291161932603281406e-03 -5.445721119348655680e-03 7.327452497904082471e-03 7.219529966719239085e-03 -4.166668073108675471e-03 5.073449204271940566e-04 -4.866189099758293571e-03 -5.547324758117577574e-03 1.974912524302808742e-03 -2.840683196395907013e-03 5.172884322475617379e-03 2.761558133517176810e-03 2.294607089737920810e-03 4.820328873553832161e-03 -2.404973793558588986e-03 2.334017168478244239e-03 -4.550383514078997112e-03 -1.753791525177643114e-03
2.787878787878788067e+00 4.212567149441556963e-04 1.174412659844312982e-03 -2.852863427652110959e-03 -4.793494388108370668e-03 6.596686258463653300e-03 6.704039433888473072e-03 -4.194018753864549656e-03 -4.033950221233682240e-05 -4.137787932598867464e-03 -5.194980799933649786e-03 2.339196184747344143e-03 -2.079998416537461644e-03 4.706539620812326061e-03 3.033666525381170827e-03 1.509907148123497194e-03 4.325996307180102890e-03 -2.754071667421065326e-03 1.519249104959634160e-03 -4.165899118494663551e-03 -2.231389912054590561e-03
2.818181818181818343e+00 3.554418977013733749e-04 1.001699893522052347e-03 -2.467530529497137873e-03 -4.208876183118533641e-03 5.919730524865381843e-03 6.195330475471331338e-03 -4.160555588743166007e-03 -4.972874802672726854e-04 -3.459832321093827233e-03 -4.805315227407918992e-03 2.596446889011046286e-03 -1.399373929779589671e-03 4.206451657294563336e-03 3.185028561487991423e-03 8.138464850557879755e-04 3.790219930192620899e-03 -2.962644272201293578e-03 7.903635458840766381e-04 -3.705106997122699190e-03 -2.552139756009744534e-03
2.848484848484848619e+00 2.993593304494016386e-04 8.527205170376895259e-04 -2.129602142324623412e-03 -3.686443870561242637e-03 5.295570257000198344e-03 5.698985664474901479e-03 -4.076830509796343198e-03 -8.709286072592180425e-04 -2.836417038851395990e-03 -4.392240429404306763e-03 2.758775254027782953e-03 -8.013990129909192694e-04 3.690713406788363824e-03 3.231566973578644305e-03 2.115241411128618906e-04 3.235878268919087711e-03 -3.047301281650866348e-03 1.574181128788467484e-04 -3.196768984788356336e-03 -2.730213664469828549e-03
2.878787878787878896e+00 2.516630040190338639e-04 7.244844055093399311e-04 -1.833973920932096451e-03 -3.220968607060587831e-03 4.722663372520793067e-03 5.219482329744406374e-03 -3.952476178094380295e-03 -1.168965964185329342e-03 -2.269873653888224325e-03 -3.967865368513764750e-03 2.838487470406218533e-03 -2.861875081260114575e-04 3.174832267064791116e-03 3.189511896546276797e-03 -2.956103813534996386e-04 2.682641399127433292e-03 -3.026016788283859924e-03 -3.745349172870316400e-04 -2.666614594927617463e-03 -2.782874709575309385e-03
2.909090909090909172e+00 2.111778439118907008e-04 6.143355459255002600e-04 -1.575980107871382662e-03 -2.807449995125845497e-03 4.199050959461343886e-03 4.760303264867898031e-03 -3.796185030053521835e-03 -1.399180122984247654e-03 -1.761013942076434082e-03 -3.542517479500974752e-03 2.847748179026341701e-03 1.482139063492548018e-04 2.671724691346184181e-03 3.074868911717838944e-03 -7.091951858607658263e-04 2.146855803157920409e-03 -2.917277071886451023e-03 -8.047996741845308243e-04 -2.136865266616603306e-03 -2.729277840567775979e-03
2.939393939393939448e+00 1.768804051386669999e-04 5.199211908621424001e-04 -1.351372792243993922e-03 -2.441141774039174740e-03 3.722455890159137755e-03 4.324046642249259643e-03 -3.615710195005633013e-03 -1.569264077565556961e-03 -1.309367535553224030e-03 -3.124804444177991820e-03 2.798303312306275707e-03 5.054279761126567651e-04 2.191788451746929430e-03 2.902982718966007087e-03 -1.033386104383416260e-03 1.641563058776096366e-03 -2.739352103607252571e-03 -1.136331162928520908e-03 -1.625977125788399683e-03 -2.589393367021780752e-03
2.969696969696969724e+00 1.478813800327259263e-04 4.391628861577921597e-04 -1.156299312193444662e-03 -2.117569621027093601e-03 3.290370026866032763e-03 3.912533160705528902e-03 -3.417884615787727606e-03 -1.686687682819341299e-03 -9.134089655408269724e-04 -2.721707597415782501e-03 2.701260573032102270e-03 7.903695621098111388e-04 1.743037293896701478e-03 2.688194720118281499e-03 -1.274299853742631066e-03 1.176629322314151497e-03 -2.509697613282392287e-03 -1.375010368671788705e-03 -1.148576238233551053e-03 -2.383078050066681115e-03
3.000000000000000000e+00 1.234098040866795612e-04 3.702294122600386836e-04 -9.872784326934364897e-04 -1.832542096026482928e-03 2.900130396036969607e-03 3.526908838699129283e-03 -3.208654906253668483e-03 -1.758589708235183246e-03 -5.707703439008930723e-04 -2.338699225960154306e-03 2.566923925002934960e-03 1.008896376935965958e-03 1.331283261585055645e-03 2.443589873528022836e-03 -1.439487214811055156e-03 7.589622685966830509e-04 -2.244488264995215653e-03 -1.528931775942628159e-03 -7.155564890525866265e-04 -2.129308529671336200e-03
