r y0 y1 y2 y3 y4 y5 y6 y7 y8 y9 y10 y11 y12 y13 y14 y15 y16 y17 y18 y19
0.000000000000000000e+00 1.000000000000000000e+00 0.000000000000000000e+00 1.000000000000000000e+00 0.000000000000000000e+00 1.000000000000000000e+00 0.000000000000000000e+00 1.000000000000000000e+00 0.000000000000000000e+00 9.999999999999997780e-01 0.000000000000000000e+00 9.999999999999993339e-01 0.000000000000000000e+00 1.000000000000000444e+00 0.000000000000000000e+00 1.000000000000000444e+00 0.000000000000000000e+00 1.000000000000000222e+00 0.000000000000000000e+00 9.999999999999984457e-01 0.000000000000000000e+00
7.070707070707070441e-02 9.975033768366116105e-01 7.053054179652809563e-02 9.925163688307965248e-01 9.949591109086737550e-02 9.875418270729298120e-01 1.215522406954771123e-01 9.825797307880513864e-01 1.400049955792864731e-01 9.776300592271676138e-01 1.561380746895199845e-01 9.726927916672238883e-01 1.706116990731039729e-01 9.677679074110815405e-01 1.838191060141761979e-01 9.628553857874886379e-01 1.960171855688304932e-01 9.579552061510548944e-01 2.073848436916056193e-01 9.530673478822292433e-01 2.180526840244034481e-01
1.414141414141414088e-01 9.900508439015390794e-01 1.400071900466823005e-01 9.702518473292810475e-01 1.960202683440982196e-01 9.506508205217490959e-01 2.376662334396328347e-01 9.312464438151716317e-01 2.716707039290320869e-01 9.120374041434217149e-01 3.006690320096281344e-01 8.930223950116320530e-01 3.260280602969026775e-01 8.742001164698908200e-01 3.485689091770334813e-01 8.555692750870318442e-01 3.688326398021853358e-01 8.371285839245111715e-01 3.871993542857211090e-01 8.188767625103698933e-01 4.039489742603886713e-01
2.121212121212120993e-01 9.777534818038953190e-01 2.074022537159777857e-01 9.337590643489909192e-01 2.867122541198510177e-01 8.907544202895367746e-01 3.431887003611241993e-01 8.487247045394057388e-01 3.872263893465575646e-01 8.076552390026491279e-01 4.229628063561377549e-01 7.675315110707422450e-01 4.525772376480142190e-01 7.283391721310864542e-01 4.773991736039343015e-01 6.900640360867300593e-01 4.983181984461461655e-01 6.526920778871923012e-01 5.159688479810262685e-01 6.162094320703518369e-01 5.308255049004727555e-01
2.828282828282828176e-01 9.607933603497510466e-01 2.717395362605356524e-01 8.839377339326298655e-01 3.689273965102732866e-01 8.101560189077658958e-01 4.335191323749008618e-01 7.393662526682298619e-01 4.799954254749218552e-01 6.714881116919779735e-01 5.142539010844540126e-01 6.064428853191696778e-01 5.394698566510842674e-01 5.441534498790825403e-01 5.576215194761789951e-01 4.845442431626413859e-01 5.700591216839766551e-01 4.275412392365819381e-01 5.777638123371695578e-01 3.730719235953678936e-01 5.814817439008570510e-01
3.535353535353535359e-01 9.394190533760338191e-01 3.321178471531432974e-01 8.220036528673467791e-01 4.403332111537667792e-01 7.119259661441480480e-01 5.048444268999596751e-01 6.088802863266217225e-01 5.448384522979557998e-01 5.125704589002152423e-01 5.683586974023900895e-01 4.227096429308734304e-01 5.798479010724606475e-01 3.390200772544477159e-01 5.821359938396266642e-01 2.612328515514623084e-01 5.771908009098426495e-01 1.890876822198240825e-01 5.664637660100474426e-01 1.223326929593806095e-01 5.510712268674344827e-01
4.242424242424241987e-01 9.139395776989736042e-01 3.877319420541099904e-01 7.494472386457148305e-01 4.989905868494193819e-01 5.997576996174508457e-01 5.543266465782039631e-01 4.639828832328229957e-01 5.784815695262038870e-01 3.412746715151434018e-01 5.821586580225742713e-01 2.308234675006012593e-01 5.714134727760408206e-01 1.318567999938212998e-01 5.501691269500117443e-01 4.363797036138181845e-02 5.211814560725750445e-01 -3.453525972113832831e-02 4.864908149881491672e-01 -1.033319406285536368e-01 4.476629834886599046e-01
4.949494949494949170e-01 8.847169627080628818e-01 4.378902138656068366e-01 6.679834225119544167e-01 5.434174101561808357e-01 4.777970320970343354e-01 5.802333665996478596e-01 3.119899954348492321e-01 5.797064809335512603e-01 1.685272804563435756e-01 5.558084399579926727e-01 4.550011428160677385e-02 5.165752240955647778e-01 -5.888025596604008066e-02 4.672408002503071756e-01 -1.462885460560988948e-01 4.114645584026458969e-01 -2.182911702669956822e-01 3.519181377940574507e-01 -2.763517384552408029e-01 2.906051772684642986e-01
5.656565656565656353e-01 8.521577002119139488e-01 4.820285980996684705e-01 5.794950588626065491e-01 5.726318884623973204e-01 3.504539889484296067e-01 5.820039333228195222e-01 1.603819975938070297e-01 5.493907563360524993e-01 4.998753377549616447e-03 4.926545621264849517e-01 -1.196277295700301918e-01 4.221045965677511225e-01 -2.171036374181157524e-01 3.443765776210607199e-01 -2.907306904880841980e-01 2.639916196870052412e-01 -3.435263208395877288e-01 1.841210463232166028e-01 -3.782427470823493953e-01 1.070138937934135975e-01
6.363636363636363535e-01 8.167033564600839624e-01 5.197203177473261881e-01 4.859722451663309739e-01 5.861741146521932677e-01 2.222073506221395045e-01 5.602491891585107409e-01 1.636915596599852751e-02 4.903983980682667942e-01 -1.396666979648136797e-01 3.988778504569531758e-01 -2.531835328445447009e-01 2.983483384102844638e-01 -3.306927504655565175e-01 1.966777267881843760e-01 -3.779982371480146153e-01 9.892990288784503372e-02 -4.002563297097809780e-01 8.369149108269703305e-03 -4.020316037630501937e-01 -7.296349997509862795e-02
7.070707070707070718e-01 7.788206486646052085e-01 5.506812667325491351e-01 3.894500560254290367e-01 5.841055518015523251e-01 9.741217963622550435e-02 5.166865129112399035e-01 -1.135134447285900822e-01 4.073326301607922972e-01 -2.575199301389712314e-01 2.828985825112209085e-01 -3.469757529396572115e-01 1.580917296783579395e-01 -3.926105760349757889e-01 4.144026394581432071e-02 -4.036853874153292776e-01 -6.215238077387034293e-02 -3.881480849211551010e-01 -1.500805401672366257e-01 -3.527755670366210516e-01 -2.212578923529150143e-01
7.777777777777777901e-01 7.389912962803087959e-01 5.747710082180179647e-01 2.919471787774059468e-01 5.669872340995555371e-01 -1.987989083881644067e-02 4.540160689285377971e-01 -2.237559016483885166e-01 3.061732654440871282e-01 -3.428232826544224121e-01 1.546045126594400021e-01 -3.965998026442699720e-01 1.520303846002486400e-02 -4.014271694473954821e-01 -1.039332169563601388e-01 -3.708736755556787945e-01 -1.992056798302635212e-01 -3.160949083661241388e-01 -2.697634478770991051e-01 -2.461562366942841029e-01 -3.164634171751480873e-01
8.484848484848483974e-01 6.977019528530102876e-01 5.919895357540693182e-01 1.954078013041030681e-01 5.358385144919292076e-01 -1.260789054264647990e-01 3.757476689623889810e-01 -3.101475266094548267e-01 1.938292881726276784e-01 -3.923781337129937374e-01 2.447674917030707650e-02 -4.016659331091421703e-01 -1.167899495090640311e-01 -3.612107718227113851e-01 -2.239657400548634159e-01 -2.893856020792316408e-01 -2.963120180064058862e-01 -2.004965317182744455e-01 -3.360717394847720918e-01 -1.054459387326817515e-01 -3.471183171640949139e-01
9.191919191919191157e-01 6.554345080877850283e-01 6.024701033938225647e-01 1.016488574934633349e-01 4.920790821926177561e-01 -2.181862282313768164e-01 2.859903946021868371e-01 -3.699601014550031874e-01 7.764277912339913323e-02 -4.056444090319188400e-01 -9.730451255958905143e-02 -3.656449445497658157e-01 -2.260378450473289891e-01 -2.808223151792164085e-01 -3.068341995601601147e-01 -1.742213978564414456e-01 -3.436361779739782185e-01 -6.254533762773012429e-02 -3.431470185854161303e-01 4.259398456510730263e-02 -3.131568811339253133e-01
9.898989898989898339e-01 6.126570231444388170e-01 6.064685683652020209e-01 1.231439991423885841e-02 4.374576774411572111e-01 -2.938903520016646342e-01 1.892189399882716894e-01 -4.020324669705981346e-01 -3.511735757339057989e-02 -3.846511485756874404e-01 -2.016935545446238431e-01 -2.953621609769734868e-01 -3.034832889506942633e-01 -1.727171072188904144e-01 -3.455924559278287234e-01 -4.341484755110057436e-02 -3.384665628210039579e-01 7.504240585300116229e-02 -2.943478684496874109e-01 1.721672917387566115e-01 -2.253487687495720482e-01
1.060606060606060552e+00 5.698155267038087501e-01 6.043498010494940953e-01 -7.116153501535160686e-02 3.739714140788694685e-01 -3.516257865389328385e-01 9.003142678042690139e-02 -4.067557379647568916e-01 -1.377342977050475537e-01 -3.337148225151104763e-01 -2.814800645673824486e-01 -2.002039161276594759e-01 -3.436413840742785775e-01 -5.141042323876233305e-02 -3.387590693814962473e-01 8.438840281443668601e-02 -2.852360569670513435e-01 1.913464672721791049e-01 -2.012753925389414444e-01 2.625044343314007489e-01 -1.029044311092051495e-01
1.131313131313131271e+00 5.273268570774163333e-01 5.965717979057638676e-01 -1.475826516644579423e-01 3.037798657529860447e-01 -3.905941460374887098e-01 -7.086789976864358090e-03 -3.859653103678594710e-01 -2.244611520765033008e-01 -2.589973859609484008e-01 -3.318009359876326059e-01 -9.112648058511579885e-02 -3.449787999530701255e-01 6.820427291626789124e-02 -2.902244210140397240e-01 1.923031242133759755e-01 -1.945627617452249380e-01 2.701242585467108492e-01 -8.157049066853555574e-02 3.008848476203675459e-01 3.025778170136082454e-02
1.202020202020201989e+00 4.855726887809581060e-01 5.836681814639799182e-01 -2.160082566151389494e-01 2.291180779412835267e-01 -4.107486873824159890e-01 -9.797999356365696966e-02 -3.427518762365388549e-01 -2.908505032470865004e-01 -1.679477859011685448e-01 -3.504265728576290151e-01 2.042744425196480265e-02 -3.098700207264452611e-01 1.724876951719768736e-01 -2.085191230413988295e-01 2.672222975342993800e-01 -8.148809671842630054e-02 3.018529718135649076e-01 4.411674235246702824e-02 2.841765666285696601e-01 1.498717861038322274e-01
1.272727272727272707e+00 4.448948328716431644e-01 5.662297872911822294e-01 -2.757612600444068751e-01 1.522124498012969174e-01 -4.127454760532429101e-01 -1.790083246067860900e-01 -2.812084704546277125e-01 -3.339766014331309041e-01 -6.867790590627170788e-02 -3.378079085017630101e-01 1.235959169020482556e-01 -2.441559734103933843e-01 2.504566098582908795e-01 -1.055634342269901188e-01 3.012374452231162403e-01 3.680438385166083515e-02 2.846763174238149396e-01 1.554712768934877754e-01 2.187188060144563684e-01 2.355211338759389816e-01
1.343434343434343425e+00 4.055918512313665958e-01 5.448860223613308795e-01 -3.264267444661789197e-01 7.520301463630124639e-02 -3.978659636055221216e-01 -2.471946403016998806e-01 -2.061338459083934538e-01 -3.525404821493980378e-01 3.067364967680824908e-02 -2.968929999287377997e-01 2.090475884134511408e-01 -1.563718408400149307e-01 2.948104710503189341e-01 4.923853334526937138e-03 2.923102838089959299e-01 1.434461443512593248e-01 2.241768413495175138e-01 2.356312777649776924e-01 1.186584577039213606e-01 2.739492775808957115e-01
1.414141414141414144e+00 3.679169779747536451e-01 5.202866355198536574e-01 -3.678419005381706741e-01 7.507360639463925907e-05 -3.679169703145723780e-01 -3.003263254760203393e-01 -1.227140624341318681e-01 -3.468577461802877515e-01 1.225388894105161053e-01 -2.327425548950329270e-01 2.697306961990368346e-01 -5.674276704016364276e-02 3.024894767005220642e-01 1.091455834471310726e-01 2.441516846798844065e-01 2.241659590919361511e-01 1.320744232156763065e-01 2.736029969195016842e-01 3.103313556651780131e-03 2.609503666847818870e-01
1.484848484848484862e+00 3.320772981280580849e-01 4.930844729780256563e-01 -4.000784344756769251e-01 -7.139755052575220973e-02 -3.251148309997206054e-01 -3.370095414838060743e-01 -3.620407568874359217e-02 -3.187376077086070958e-01 2.004344512464344696e-01 -1.519902022623283167e-01 3.013626984249369034e-01 4.393466936968346698e-02 2.747300793506596839e-01 1.948596082646540384e-01 1.653709748573811700e-01 2.690898057212410266e-01 2.410603406481541186e-02 2.656315712171624654e-01 -1.073681779517600687e-01 2.015854728154805597e-01
1.555555555555555580e+00 2.982340961814215485e-01 4.639197051711002051e-01 -4.234187785291787520e-01 -1.376961254492180542e-01 -2.719607677874478213e-01 -3.566764950668822598e-01 4.837054178662703735e-02 -2.712693731600051006e-01 2.593578320221865408e-01 -6.220438342691953643e-02 3.026312813060698104e-01 1.354022983997683616e-01 2.166436595447180091e-01 2.527326685859659361e-01 6.805081748690199051e-02 2.738358042481021104e-01 -8.255119126960193399e-02 2.153705507549535658e-01 -1.942248101795778503e-01 1.087773455494036590e-01
1.626262626262626299e+00 2.665042561954038547e-01 4.334059115905052884e-01 -4.383275798255188427e-01 -1.975867414755886897e-01 -2.111144193410677272e-01 -3.595491176459806870e-01 1.264745761885050501e-01 -2.085382315758136929e-01 2.960435422678282524e-01 2.878628290044817073e-02 2.751076599507057407e-01 2.089273459785384313e-01 1.363968384948536783e-01 2.772681123422461869e-01 -3.403141251682056945e-02 2.397935062625071723e-01 -1.719056443976164639e-01 1.328915775744780037e-01 -2.439445130491011138e-01 6.188224059178488046e-04
1.696969696969696795e+00 2.369625715621505868e-01 4.021183032569827787e-01 -4.454200036618201075e-01 -2.501361567963331645e-01 -1.452719287928744829e-01 -3.465648950596585953e-01 1.942736101599928933e-01 -1.352957885003463756e-01 3.090700367663473669e-01 1.135434665617775091e-01 2.229010007696559659e-01 2.580729946822193921e-01 4.411190688908867008e-02 2.672222894393214143e-01 -1.272829349605516247e-01 1.735976984396960521e-01 -2.314362402157764675e-01 3.275605087785792707e-02 -2.499649154598172218e-01 -1.030632883103549668e-01
1.767676767676767513e+00 2.096448065879578659e-01 3.705842540696224763e-01 -4.454283697977383660e-01 -2.947144179458937585e-01 -7.705414148942661690e-02 -3.192723563498138795e-01 2.487852186579466440e-01 -5.661204574353829316e-02 2.988211176737001762e-01 1.855914310708685622e-01 1.521056938650384716e-01 2.791882510254896643e-01 -4.937079183982612252e-02 2.254925294605214792e-01 -2.000266391770597896e-01 8.591867555629549569e-02 -2.537230718557168530e-01 -6.849522235908007961e-02 -2.133639341020502345e-01 -1.842482536522513370e-01
1.838383838383838231e+00 1.845513436932670615e-01 3.392762075977232561e-01 -4.391685531025473765e-01 -3.309854856482596919e-01 -8.909373198813080527e-03 -2.797048494964411991e-01 2.879669497039684112e-01 2.246538793661237085e-02 2.673169466511227110e-01 2.398683473489409412e-01 7.010912580517734971e-02 2.715869360491160456e-01 -1.337215027654828914e-01 1.585250899597940299e-01 -2.438716752861060100e-01 -1.022185851452892848e-02 -2.372278062159271506e-01 -1.550091822834748223e-01 -1.422390143789155625e-01 -2.297449908410589547e-01
1.909090909090908950e+00 1.616512487872699688e-01 3.086069295029699178e-01 -4.275074348093089727e-01 -3.588875410080087369e-01 5.696602814820831556e-02 -2.302416878609009621e-01 3.107416744907959272e-01 9.722190222528503956e-02 2.179389496393875358e-01 2.730279571493947066e-01 -1.516451419375558843e-02 2.374203188518292373e-01 -2.002058982978952573e-01 7.534622567710776153e-02 -2.545733643076161234e-01 -1.013483139160267082e-01 -1.861667424590364162e-01 -2.140218519103321559e-01 -4.997101851609774686e-02 -2.332068376496784501e-01
1.979797979797979668e+00 1.408865925476422143e-01 2.789269913064431616e-01 -4.113325013519825712e-01 -3.786049562394213086e-01 1.186873962415047612e-01 -1.734655792290321907e-01 3.169649535864658696e-01 1.635376890940986316e-01 1.550791603418025799e-01 2.835784926586493171e-01 -9.599913089489713058e-02 1.812793470321101552e-01 -2.425180073632183519e-01 -1.364253690730354157e-02 -2.323093883991288189e-01 -1.753697004988082619e-01 -1.095568607742661432e-01 -2.376402897944484560e-01 4.726972777695233330e-02 -1.958513528479841337e-01
2.050505050505050608e+00 1.221768759812964233e-01 2.505243012545775305e-01 -3.915244690154635610e-01 -3.905340851993840956e-01 1.747210651823221106e-01 -1.120245274700171489e-01 3.073423822672005645e-01 2.180874669005918309e-01 8.374765610144233041e-02 2.718611114340365731e-01 -1.655527174295590986e-01 1.095874123097994729e-01 -2.572900039705927067e-01 -9.794617094638700949e-02 -1.813799524992832368e-01 -2.231140103749128800e-01 -1.963054728763269363e-02 -2.237714184042584875e-01 1.333175939112376529e-01 -1.258415289046479479e-01
2.121212121212121104e+00 1.054234236719777673e-01 2.236254441526800973e-01 -3.689335790761315015e-01 -3.952450680559352891e-01 2.239037769754539664e-01 -4.850523416122788645e-02 2.833072830362525218e-01 2.584706564019498276e-01 9.171738367517837803e-03 2.398838142664271034e-01 -2.183904196816733034e-01 2.986095787165407925e-02 -2.442494484753137129e-01 -1.681793669828595683e-01 -1.094128482665519958e-01 -2.393728424977616398e-01 7.010762463260959698e-02 -1.761118324960618264e-01 1.946311425591179256e-01 -3.651847533219801378e-02
2.191919191919192045e+00 9.051362637310211845e-02 1.983985547774056724e-01 -3.443599734925244515e-01 -3.934417649877209877e-01 2.654436506022863074e-01 1.467644711547521491e-02 2.468705314068102841e-01 2.832703038942389617e-01 -6.358227639647180685e-02 1.910377502775095770e-01 -2.508481893418122999e-01 -5.007800704157309296e-02 -2.060360218073738203e-01 -2.170573903193279974e-01 -2.621101043947235074e-02 -2.233510937256985851e-01 1.468772563891921623e-01 -1.032630715665296128e-01 2.223253591835925302e-01 5.613991749725197322e-02
2.262626262626262541e+00 7.732493491155086052e-02 1.749574284867413398e-01 -3.185383376241062714e-01 -3.859217549568990657e-01 2.989049689010022659e-01 7.536410145683929140e-02 2.004547418809189130e-01 2.920443081188784928e-01 -1.299388188192264759e-01 1.297302385981541073e-01 -2.612098928038197321e-01 -1.228560895833935435e-01 -1.477260884180518485e-01 -2.400768567878451276e-01 5.758580123130792316e-02 -1.785050454243823637e-01 2.003825522081409960e-01 -1.716589572805197680e-02 2.133292210400724587e-01 1.363531787097266579e-01
2.333333333333333037e+00 6.572852861653052936e-02 1.533665667719045500e-01 -2.921267938512466800e-01 -3.735380800581228899e-01 3.241795948432582564e-01 1.317261795994929818e-01 1.467245892573856292e-01 2.852569053435822788e-01 -1.860751336434603442e-01 6.097243027685936984e-02 -2.496997664412582141e-01 -1.821988807364507412e-01 -7.614087607605914132e-02 -2.358333268431479224e-01 1.318445684866018097e-01 -1.118356575114625995e-01 2.241042789255483780e-01 6.886365898012242193e-02 1.705436552743420098e-01 1.911679610538405960e-01
2.404040404040403978e+00 5.559260266728492661e-02 1.336468629779173078e-01 -2.656998558048798698e-01 -3.571641081401728535e-01 3.414481518844338370e-01 1.822976704324097419e-01 8.842383910628395793e-02 2.641616545911273928e-01 -2.291038063113338130e-01 -1.004061510452927339e-02 -2.183089446901338715e-01 -2.234240919442728734e-01 9.695992811419914398e-04 -2.059694965968950076e-01 1.881221066797141295e-01 -3.277118915256980319e-02 2.159761963686248898e-01 1.421748606906073631e-01 1.020448265222796136e-01 2.124558752437010756e-01
2.474747474747474474e+00 4.678523899568964167e-02 1.157816520600400134e-01 -2.397451120619851217e-01 -3.376625506243219887e-01 3.511342053956408860e-01 2.259988724299295815e-01 2.822789318025622357e-02 2.306492184335978968e-01 -2.571713922552562592e-01 -7.832311828445226443e-02 -1.704880082350966330e-01 -2.437448804623033871e-01 7.577022949948145070e-02 -1.547909656968691761e-01 2.205565326830228323e-01 4.818343052595117776e-02 1.783981818542143549e-01 1.925912573020605312e-01 1.952660596530928286e-02 1.979893159273947434e-01
2.545454545454545414e+00 3.917684398136177248e-02 9.972287558892087289e-02 -2.146632029722549961e-01 -3.158593313226844557e-01 3.538545881387378800e-01 2.621333148340707631e-01 -3.138147701803958856e-02 1.870740481652064524e-01 -2.694757201373932931e-01 -1.394367718335526307e-01 -1.107462144878905985e-01 -2.423727460758706709e-01 1.411220817606705369e-01 -8.862122074012498962e-02 2.263837948375178044e-01 1.208374596731914968e-01 1.176356293659018282e-01 2.137386987006399952e-01 -6.371841801645933279e-02 1.514806132827830887e-01
2.616161616161615910e+00 3.264215261198747525e-02 8.539714673237126796e-02 -1.907705847989636105e-01 -2.925226753003258295e-01 3.503687560608743645e-01 2.903677849400329025e-01 -8.821482948430695026e-02 1.360737527621421195e-01 -2.662102939559978232e-01 -1.897534652881714412e-01 -4.420195726149489523e-02 -2.204300356382555559e-01 1.912269111324182702e-01 -1.499030020304416982e-02 2.060495620149624396e-01 1.765639794590129208e-01 4.273621311654669797e-02 2.037343963768711297e-01 -1.349311561144621030e-01 8.165047646888118349e-02
2.686868686868686851e+00 2.706181270191988786e-02 7.271153715869384249e-02 -1.683045396638635782e-01 -2.683474903784517362e-01 3.415296807687089320e-01 3.106980131414608381e-01 -1.404450736288520019e-01 8.039363700669159563e-02 -2.484486465772356434e-01 -2.266306838026099502e-01 2.387173630921374592e-02 -1.806994274148562285e-01 2.220826635794876658e-01 5.823886774401106081e-02 1.629387109919309684e-01 2.092613509300556007e-01 -3.584943039822784810e-02 1.651859230508412324e-01 -1.837937251171630482e-01 5.464935334537467798e-04
2.757575757575757347e+00 2.232357398783260671e-02 6.155894645129596915e-02 -1.474298844081653737e-01 -2.439448594708373830e-01 3.282383233929253019e-01 3.234038586587536512e-01 -1.866487899912309956e-01 2.272686805005911387e-02 -2.179843201814639919e-01 -2.484962650309101295e-01 8.846757805803059926e-02 -1.272503765725069846e-01 2.317229456759517803e-01 1.237059144302945918e-01 1.027885181373108525e-01 2.159299794997495692e-01 -1.077324712821255831e-01 1.045539199838881467e-01 -2.038375896511541441e-01 -7.856230933870783639e-02
2.828282828282828287e+00 1.832311542251699801e-02 5.182295271014908389e-02 -1.282468518385107004e-01 -2.198362569825384472e-01 3.114032315720549060e-01 3.289978526673909554e-01 -2.258206034187690836e-01 -3.442176926039495349e-02 -1.771433539596246887e-01 -2.548469234403124561e-01 1.451988935300370098e-01 -6.498966075754013250e-02 2.202386613339340493e-01 1.752642867918017544e-01 3.288281625829369420e-02 1.968258670200237204e-01 -1.639330093941229194e-01 3.101956855766524468e-02 -1.931770470915851190e-01 -1.433462422178264362e-01
2.898989898989898784e+00 1.496454986637517533e-02 4.338207890555226959e-02 -1.107996586780036208e-01 -1.964519502608287616e-01 2.919062936587488721e-01 3.281707337168743299e-01 -2.573637612564794175e-01 -8.884327994689916741e-02 -1.285858756768831490e-01 -2.461712793049044556e-01 1.905672356360783581e-01 8.151806144314488467e-04 1.896024631261906679e-01 2.085050093986438868e-01 -3.885964274431309012e-02 1.552094753812229833e-01 -1.979412388091447983e-01 -4.494365390512696651e-02 -1.545108392442578193e-01 -1.842837304608814508e-01
2.969696969696969724e+00 1.216064883271965498e-02 3.611344198807655420e-02 -9.508533040459858643e-02 -1.741329471935348927e-01 2.705752030280575982e-01 3.217372045296134075e-01 -2.810610406404884243e-01 -1.387004678797326696e-01 -7.511186106149145281e-02 -2.238126957578700782e-01 2.221312867586508200e-01 6.499402893562955530e-02 1.433342347002780348e-01 2.210568496053744447e-01 -1.047888045507882199e-01 9.675711703377963546e-02 -2.063785944159291508e-01 -1.130704773722403383e-01 -9.445024307775187755e-02 -1.959663569640074932e-01
3.040404040404040220e+00 9.832831254694900797e-03 2.989577987538550446e-02 -8.106241866945697316e-02 -1.531358000900158167e-01 2.481627547498297115e-01 3.105846055417352813e-01 -2.970306572735849637e-01 -1.825724468257258204e-01 -1.948365477589074704e-02 -1.897898814455640237e-01 2.385755492292124247e-01 1.228757900909672879e-01 8.605723403270541805e-02 2.126548127068097482e-01 -1.583181723258721973e-01 2.873701005167872413e-02 -1.892088821150083866e-01 -1.646636369828437529e-01 -2.232755305158763692e-02 -1.776806953216739648e-01
3.111111111111111160e+00 7.910959733930246832e-03 2.461187472778298899e-02 -6.865931719695017588e-02 -1.336395682472535928e-01 2.253327337351956339e-01 2.956265944960138614e-01 -3.056720028795605892e-01 -2.194696413892653908e-01 3.572521705929666141e-02 -1.465940062363454977e-01 2.396860296165835291e-01 1.706052079258508769e-01 2.299936679003967976e-02 1.849944438851404693e-01 -1.945336520760827248e-01 -4.092964354545178957e-02 -1.495133410721360134e-01 -1.936397102263387182e-01 5.129821027369674269e-02 -1.332345682428058287e-01
3.181818181818181657e+00 6.332985753131171319e-03 2.015040921450826986e-02 -5.778195265666787733e-02 -1.157542698535142661e-01 2.026518674128877651e-01 2.777632941724009208e-01 -3.076058546916715652e-01 -2.488228816536917076e-01 8.824872975738347336e-02 -9.698021376141367778e-02 2.262469527665535440e-01 2.053580011643772185e-01 -4.050730648755139496e-02 1.414099018329434965e-01 -2.105688670202901236e-01 -1.046010391604265399e-01 -9.289870139154463025e-02 -1.971477311976344848e-01 1.161973771514010489e-01 -7.011536940155495279e-02
3.252525252525252597e+00 5.044482238137983597e-03 1.640730586545889602e-02 -4.832069441517276853e-02 -9.953021006477399957e-02 1.805871100621088965e-01 2.578487656750564905e-01 -3.036132482794216547e-01 -2.704512971059591653e-01 1.362115884282493750e-01 -4.376922533092807155e-02 1.998771442632239215e-01 2.254487889093357844e-01 -9.948229630568369841e-02 8.642755427790448086e-02 -2.057310588508565741e-01 -1.557330734260385652e-01 -2.664716111139703650e-02 -1.757167378404085878e-01 1.638605479276990795e-01 1.837396057729666788e-03
3.323232323232323093e+00 3.998097975452355977e-03 1.328660842347298074e-02 -4.015638860356390838e-02 -8.496764800256363659e-02 1.595073975344537542e-01 2.366661170224908795e-01 -2.945765626277536131e-01 -2.845143077391129038e-01 1.781770093225905904e-01 1.032838956233216032e-02 1.628270117438694320e-01 2.303365308404854428e-01 -1.496714613628441215e-01 2.525329237717514538e-02 -1.813912065803552909e-01 -1.895015023554609546e-01 4.126169913496010450e-02 -1.329563257218511207e-01 1.885432855406469488e-01 7.200637899058552616e-02
3.393939393939393590e+00 3.152964035675716575e-03 1.070096884835394606e-02 -3.316547569207100449e-02 -7.202635325514757103e-02 1.396889532417317781e-01 2.149100904297599757e-01 -2.814256115719996898e-01 -2.914531369470648170e-01 2.131615299139283382e-01 6.285633583926034107e-02 1.177571877784619886e-01 2.205405431337628952e-01 -1.878171627603567317e-01 -3.674883155862292833e-02 -1.406761837172932350e-01 -2.031781925564244973e-01 1.031252088211593171e-01 -7.489133408571214956e-02 1.878507584938841901e-01 1.305641476007100288e-01
3.464646464646464530e+00 2.474077790013023189e-03 8.571804868428959528e-03 -2.722419564302872019e-02 -6.063469521190439915e-02 1.213232288692375344e-01 1.931766009404190521e-01 -2.650907403838143050e-01 -2.919270044095162442e-01 2.406211914973171995e-01 1.117199271823976492e-01 6.751820239416470026e-02 1.974860496030311496e-01 -2.118131749222837701e-01 -9.453561027018718421e-02 -8.801753829685642072e-02 -1.962459498586291429e-01 1.523714858466946598e-01 -9.051345983349258495e-03 1.628247238005290642e-01 1.698067416679344410e-01
3.535353535353535026e+00 1.931685560178560482e-03 6.829191374368647274e-03 -2.221192030880150478e-02 -5.069800030487090631e-02 1.045266143665535830e-01 1.719584291185078384e-01 -2.464641519905019229e-01 -2.867485875272723361e-01 2.604146643455856336e-01 1.552549979208126540e-01 1.494748208470899307e-02 1.633015055518615699e-01 -2.207459135223907576e-01 -1.437812697531374861e-01 -2.861991202951458257e-02 -1.702681274399680256e-01 1.842043891647167919e-01 5.654554944339120620e-02 1.175682197869831191e-01 1.850823781767922394e-01
3.606060606060605966e+00 1.500680589728425277e-03 5.411545156899472825e-03 -1.801367921848482517e-02 -4.210599829290968127e-02 8.935113877133123161e-02 1.516460987397540705e-01 -2.263699823058044069e-01 -2.768225639003684124e-01 2.727494889691023383e-01 1.922598346829307303e-01 -3.730397226468356447e-02 1.205906967893756593e-01 -2.148337465496208687e-01 -1.811651130700858425e-01 3.208756260837473950e-02 -1.285548907293870835e-01 1.959866863014654570e-01 1.143772429420970016e-01 5.850292963369212867e-02 1.752208054646221813e-01
3.676767676767676463e+00 1.160028999668893035e-03 4.265157130095727916e-03 -1.452196287260226586e-02 -3.473925570383373101e-02 7.579549404139528102e-02 1.325328881634449951e-01 -2.055430424372133025e-01 -2.630901593223510249e-01 2.781176544988258614e-01 2.219940040955520333e-01 -8.690719577759382919e-02 7.220120678704915196e-02 -1.952836705598928468e-01 -2.045379586549155582e-01 8.896018558387794317e-02 -7.568539967911357136e-02 1.873461856008939441e-01 1.582525873944745920e-01 -6.606480431391275644e-03 1.424502579738998465e-01
3.747474747474747403e+00 8.922327834114143720e-04 3.343619824703381038e-03 -1.163789807482044740e-02 -2.847456027560532968e-02 6.381583707337007416e-02 1.148229184317026697e-01 -1.846156669990340893e-01 -2.464817107350207037e-01 2.772263263478986217e-01 2.441496597363410348e-01 -1.319493756759349268e-01 2.100775588666429702e-02 -1.640891447516518165e-01 -2.129684832326672050e-01 1.375620382543898401e-01 -1.695337268521213830e-02 1.600241110674067158e-01 1.839116453511385751e-01 -6.971063783923428514e-02 9.186292676939050716e-02
3.818181818181817899e+00 6.828357582825301001e-04 2.607191077078750956e-03 -9.271893808745428067e-03 -2.318927364022393967e-02 5.333595082355437056e-02 9.864131679033039113e-02 -1.641117595117991823e-01 -2.278783819557147483e-01 2.709287878582016251e-01 2.588018851546070032e-01 -1.709865127282235719e-01 -3.027527931517714696e-02 -1.237944306375911990e-01 -2.066817951136199760e-01 1.744757313960687284e-01 4.219710449358345800e-02 1.175125465405364583e-01 1.893452345149072846e-01 -1.234722973875273938e-01 3.054634443623883283e-02
3.888888888888888840e+00 5.199757432558549690e-04 2.022127890439436027e-03 -7.343854941786395751e-03 -1.876471043719521101e-02 4.425646615821305502e-02 8.404555505747633715e-02 -1.444469043175526934e-01 -2.080833948625253893e-01 2.601596968040242874e-01 2.663449280190220425e-01 -2.030578089281702692e-01 -7.924258225695469948e-02 -7.724973050127779961e-02 -1.869108063853362200e-01 1.974833311910238198e-01 9.668667754271172143e-02 6.454593191715168876e-02 1.748277262729946990e-01 -1.620826021404340178e-01 -3.346893065725062982e-02
3.959595959595959336e+00 3.939840697366106927e-04 1.560017730674256474e-03 -5.783055833539232915e-03 -1.508863113016592657e-02 3.646295597714161590e-02 7.103719235164346335e-02 -1.259333077972529247e-01 -1.878024951762336525e-01 2.458776927536742152e-01 2.674209077929582956e-01 -2.276672784472653088e-01 -1.239029917706037098e-01 -2.737830518571834904e-02 -1.556858848802595008e-01 2.056191039660702491e-01 1.422212493028939262e-01 6.519512825300693114e-03 1.426923586283967704e-01 -1.818151827381051244e-01 -9.228714820136080244e-02
4.030303030303030276e+00 2.970318285599858220e-04 1.197128278741761004e-03 -4.527757900914384202e-03 -1.205695417117883840e-02 2.983280844154519162e-02 5.957339686787114369e-02 -1.087883225742539567e-01 -1.676328779889909582e-01 2.290173254944701808e-01 2.628468681938056495e-01 -2.447395280747347301e-01 -1.627404229206221020e-01 2.302775757412683574e-02 -1.155899098563111793e-01 1.991071804654993005e-01 1.755887973537896551e-01 -5.109409071830284255e-02 9.690514952815557082e-02 -1.812797966500674929e-01 -1.391076662014537613e-01
4.101010101010101216e+00 2.228209721746186780e-04 9.137910576050018840e-04 -3.524645385276197092e-03 -9.574802300134506103e-03 2.424086471359186701e-02 4.957776954493494509e-02 -9.314537638328999891e-02 -1.480594568162458824e-01 2.104512875934566041e-01 2.535450389986673714e-01 -2.545572794346148138e-01 -1.947336309913151320e-01 7.147167825122560658e-02 -6.950462671026201578e-02 1.792063602728051486e-01 1.948203408103525991e-01 -1.032687222758328083e-01 4.250968774290053015e-02 -1.613796085506395694e-01 -1.689574411078368366e-01
4.171717171717171269e+00 1.663174776124287462e-04 6.938294773124551590e-04 -2.728142867135490389e-03 -7.556999347737063111e-03 1.956386789021371045e-02 4.095013399402014365e-02 -7.906625105344178284e-02 -1.294571622842738412e-01 1.909630823980990599e-01 2.404800081421915592e-01 -2.576881167229528313e-01 -2.193404963739484514e-01 1.158698938268241108e-01 -2.037072420871771650e-02 1.479896549043033804e-01 1.992185371821430795e-01 -1.458426963752790240e-01 -1.497978884001817390e-02 -1.250122155977453908e-01 -1.791287906620497583e-01
4.242424242424242209e+00 1.235231801045123346e-04 5.240377337767189491e-04 -2.099667205614901347e-03 -5.928129628653179724e-03 1.568381438300016709e-02 3.357508496728220382e-02 -6.655381616698440028e-02 -1.120978850504431440e-01 1.712295763642586455e-01 2.246053075043085434e-01 -2.549072902791526540e-01 -2.364541978061024674e-01 1.546225001398887633e-01 2.902091006533092862e-02 1.080878875013208534e-01 1.892701354819963377e-01 -1.758028318707741122e-01 -7.016447023791343163e-02 -7.658034870604797650e-02 -1.693019386947425264e-01
4.313131313131313149e+00 9.128255498609952800e-05 3.937136462531767487e-04 -1.606856101075581971e-03 -4.622263491818690527e-03 1.249032832321526898e-02 2.732919743249294028e-02 -5.556449818287483716e-02 -9.616070926391336038e-02 1.518123849266756753e-01 2.068207841953256521e-01 -2.471223565460113902e-01 -2.463394032780206744e-01 1.866390817563502447e-01 7.619500191173773918e-02 6.242519692324420555e-02 1.664674665516911456e-01 -1.914247383711530637e-01 -1.182663117980023437e-01 -2.139202746964790486e-02 -1.413745429618303573e-01
4.383838383838384090e+00 6.712060461954597946e-05 2.942458828776056039e-04 -1.222805791025715185e-03 -3.582441304903984450e-03 9.882195686921455349e-03 2.208688770673162410e-02 -4.601994395308322411e-02 -8.174419251724486524e-02 1.331567204534030158e-01 1.879411365771931353e-01 -2.353041567291149772e-01 -2.495565612355171159e-01 2.113258548095016953e-01 1.191087595810007005e-01 1.397036265915818469e-02 1.330689999360843423e-01 -1.922760647332891759e-01 -1.555104079963724462e-01 3.496810048699913048e-02 -9.905414910581070154e-02
4.454545454545454142e+00 4.910804912471626257e-05 2.187540370100996966e-04 -9.253417521020913155e-04 -2.759995351881413660e-03 7.768200069586657028e-03 1.772498665576164451e-02 -3.781750584288960659e-02 -6.887961065171525898e-02 1.155961724268397967e-01 1.686751865053426336e-01 -2.204272816463722917e-01 -2.468816879735700187e-01 2.285420207209092058e-01 1.562190125255547846e-01 -3.447767022626507111e-02 9.182994525138551967e-02 -1.791024553698541688e-01 -1.793619068175792419e-01 8.722280020776333742e-02 -4.729116425739674640e-02
4.525252525252525082e+00 3.575018161661319569e-05 1.617785996388152543e-04 -6.963388349307528041e-04 -2.113775847649759440e-03 6.067398797696584023e-03 1.412613368644190757e-02 -3.083932579564879067e-02 -5.754427783720870299e-02 9.936186850268199922e-02 1.496148569934005745e-01 -2.034218644774327400e-01 -2.392279114306932741e-01 2.385341443207874279e-01 1.865031386911107925e-01 -8.045796797637144726e-02 4.573153036761128110e-02 -1.536246836640758062e-01 -1.886140622480244888e-01 1.308840701645941074e-01 8.361467627158508317e-03
4.595959595959596022e+00 2.589599320213993198e-05 1.190169384542794832e-04 -5.211010471685385489e-04 -1.609334318591497609e-03 4.708968654769716752e-03 1.118113116058065681e-02 -2.495992259633754429e-02 -4.767425425741451950e-02 8.459455057095341401e-02 1.312324271446086155e-01 -1.851373801687904719e-01 -2.275736375921955101e-01 2.418573629448834972e-01 2.094404620542784090e-01 -1.219636422021392469e-01 -2.267194587026587216e-03 -1.182796389527757813e-01 -1.833403454395567400e-01 1.625953010303834712e-01 6.237921489138192888e-02
4.666666666666666075e+00 1.866446911352063543e-05 8.710085586309628512e-05 -3.878061915809286183e-04 -1.218105537486071418e-03 3.631737008619735033e-03 8.790414578011964547e-03 -2.005228803159715342e-02 -3.917594973937126024e-02 7.135826136026909849e-02 1.138844269337679904e-01 -1.663181708287431726e-01 -2.129007256312959451e-01 2.392914964662215815e-01 2.249627559557941803e-01 -1.575055078742756964e-01 -4.943744022221822215e-02 -7.593789301446056406e-02 -1.647356769900076012e-01 1.803176045255512061e-01 1.098180364921081120e-01
4.737373737373737015e+00 1.338527997982090610e-05 6.341107384379802633e-05 -2.870166759064545219e-04 -9.166184113017037532e-04 2.783498347020708311e-03 6.864797341080616615e-03 -1.599257363303587323e-02 -3.193631027187223553e-02 5.965454514225744520e-02 9.782048539183223201e-02 -1.475896903351323897e-01 -1.961446335458874035e-01 2.317588815153005521e-01 2.333832995334025606e-01 -1.861276784676523799e-01 -9.343786966886599710e-02 -2.962723128531348504e-02 -1.348791574840204899e-01 1.833637615093181850e-01 1.467376510143439949e-01
4.808080808080807955e+00 9.551421861649185679e-06 4.592400814287891139e-05 -2.112549203202736508e-04 -6.857569080544686797e-04 2.120199618337072212e-03 5.325643066621327075e-03 -1.266350193788437148e-02 -2.583142812813545020e-02 4.943629497621903485e-02 8.319552299546628671e-02 -1.294539719824850388e-01 -1.781572324044370659e-01 2.202492151683539123e-01 2.353137683291942894e-01 -2.073826671817373957e-01 -1.324166734436245108e-01 1.771419343167722829e-02 -9.645321248904242806e-02 1.722991400471123591e-01 1.704684436260152647e-01
4.878787878787878896e+00 6.781680786619751331e-06 3.308638201956908990e-05 -1.546397587633991516e-04 -5.100843449722727027e-04 1.605061453007077888e-03 4.104606014996413192e-03 -9.956667559591750316e-03 -2.073354141991505875e-02 4.062060772232225364e-02 7.008384687841974492e-02 -1.122925532771814755e-01 -1.596819514000490658e-01 2.057550610257759260e-01 2.315773191181974278e-01 -2.212754814107469881e-01 -1.650599857515527569e-01 6.343846815931258876e-02 -5.245243713512872524e-02 1.487399063285623213e-01 1.797163948760236163e-01
4.949494949494948948e+00 4.791101917752658899e-06 2.371353474443235005e-05 -1.125789185344882622e-04 -3.772381118071012384e-04 1.207687113996794900e-03 3.143063698562526161e-03 -7.773907325378513235e-03 -1.651648451373354670e-02 3.310022101668935041e-02 5.849393177574616770e-02 -9.637501086954031182e-02 -1.413401394533427002e-01 1.892201047851877482e-01 2.231247996264425770e-01 -2.281868768308519535e-01 -1.905925235111076976e-01 1.053330234262124521e-01 -5.910598603190408626e-03 1.150845160712066773e-01 1.745192846919556284e-01
5.020202020202019888e+00 3.367923546472823582e-06 1.690765659188881931e-05 -8.151192823300943075e-05 -2.773970640867972032e-04 9.031974102843212801e-04 2.391347156478748192e-03 -6.027919028966881483e-03 -1.305971825663859373e-02 2.675329295865624957e-02 4.838292034654190915e-02 -8.187132709362296423e-02 -1.236270140421674157e-01 1.715008650025368342e-01 2.109593157114765805e-01 -2.287855785820074317e-01 -2.087393139812764586e-01 1.417078014934726460e-01 4.033261789012141524e-02 7.421517155613137351e-02 1.560814896373817207e-01
5.090909090909090828e+00 2.355688100912176328e-06 1.199259396828017086e-05 -5.869751755578687355e-05 -2.028202383301709057e-04 6.714180905867215155e-04 1.807855356040976138e-03 -4.642298589604660665e-03 -1.025111138156716353e-02 2.145143947256629435e-02 3.967012915234500309e-02 -6.886648608756122669e-02 -1.069152934372879088e-01 1.533414414698972827e-01 1.960726322241438391e-01 -2.239381394544036619e-01 -2.196589336677816640e-01 1.714277699320911619e-01 8.381130206759250523e-02 2.920253005981303385e-02 1.265231503866494078e-01
5.161616161616161769e+00 1.639464817909457894e-06 8.462288100522555686e-06 -4.203961820599989580e-05 -1.474530369443066897e-04 4.961365093754490415e-04 1.358121903942395006e-03 -3.551148904078113653e-03 -7.988665717547350359e-03 1.706606413464257718e-02 3.224908265002025126e-02 -5.737594204701231687e-02 -9.146453844129782962e-02 1.353600517346749965e-01 1.793952364100158681e-01 -2.146234662545122018e-01 -2.238589655045991333e-01 1.938983033756315477e-01 1.225532820875946810e-01 -1.695936378517951329e-02 8.858239223799167783e-02
5.232323232323231821e+00 1.135311831047021331e-06 5.940318469518757370e-06 -2.994635450441476010e-05 -1.065954194883812111e-04 3.644365765377607209e-04 1.013885545692756567e-03 -2.698393262207584090e-03 -6.181382238796831290e-03 1.347310168575584395e-02 2.599780465942718236e-02 -4.736087951593362377e-02 -7.743431964517129285e-02 1.180455651741418727e-01 1.617604722081528168e-01 -2.018571684148776357e-01 -2.221036437491284987e-01 2.090136102609176094e-01 1.551409327849841979e-01 -6.156889203747250433e-02 4.530736056594593386e-02
5.303030303030302761e+00 7.822705397833329720e-07 4.148404377638886517e-06 -2.121684358405924700e-05 -7.662573953925403292e-05 2.661150202731261505e-04 7.522012927238107705e-04 -2.036904170539098006e-03 -4.749456842110505450e-03 1.055635260778420986e-02 2.078726789706284578e-02 -3.874246687559780578e-02 -6.489952947934549132e-02 1.017619677705863951e-01 1.438820290555297421e-01 -1.866289920872176156e-01 -2.153221937810637920e-01 2.170795244044030625e-01 1.807187208779129362e-01 -1.023727599757462275e-01 -2.307468859176505080e-04
5.373737373737373701e+00 5.363243753924705613e-07 2.882066340492872150e-06 -1.495114323210458062e-05 -5.477351715959034476e-05 1.931776034316077118e-04 5.546166730823679078e-04 -1.527536552998867312e-03 -3.623978004048246469e-03 8.209616467979248544e-03 1.648803489022590898e-02 -3.141456768055524845e-02 -5.386643074689861227e-02 8.675863673774451834e-02 1.263432650450996286e-01 -1.698548712868138133e-01 -2.045244884504347493e-01 2.187218319327340621e-01 1.989570239670629959e-01 -1.376590998870556026e-01 -4.518033941058816061e-02
5.444444444444444642e+00 3.658700378954416297e-07 1.991959095208515481e-06 -1.047924059157314394e-05 -3.893449022874830555e-05 1.394108995280575046e-04 4.064275771985188020e-04 -1.138133820914271179e-03 -2.746276572503038218e-03 6.337841293121778893e-03 1.297521898486385210e-02 -2.525460563981084261e-02 -4.428833638467895989e-02 7.318442138353922766e-02 1.095963515201335697e-01 -1.523436714004635373e-01 -1.907286067088057591e-01 2.147901656735847764e-01 2.099837198475388855e-01 -1.662913999756524541e-01 -8.709327858295931590e-02
5.515151515151514694e+00 2.483447047015013872e-07 1.369658674414340782e-06 -7.305530408735166109e-06 -2.752162011725828669e-05 1.000233122268989451e-04 2.960203426538102482e-04 -8.425570290474777109e-04 -2.067053700901203949e-03 4.857500146164932427e-03 1.013195578897375243e-02 -2.013246969522018009e-02 -3.608011795703636171e-02 6.110376238285316480e-02 9.396900902717288118e-02 -1.347775815462425864e-01 -1.749029168586147265e-01 2.062657066041523879e-01 2.142954900205186197e-01 -1.876916588881141212e-01 -1.240439673522031189e-01
5.585858585858585634e+00 1.677303728029340098e-07 9.369181430305303910e-07 -5.065761880690836317e-06 -1.934623742840583147e-05 7.134797740079530171e-05 2.143008733772232494e-04 -6.197716873804895226e-04 -1.545388500215317705e-03 3.696389123826937864e-03 7.851608314342495981e-03 -1.591749299281046415e-02 -2.913102011792261664e-02 5.051338687510367048e-02 7.967661205338658070e-02 -1.177043460876555370e-01 -1.579235779056005484e-01 1.941788082759785261e-01 2.126600106716648453e-01 -2.017841072170538930e-01 -1.546851694696378399e-01
5.656565656565656575e+00 1.127190369060563503e-07 6.376026330039550755e-07 -3.493922119479952160e-06 -1.352412234165496598e-05 5.059980743338066231e-05 1.542074485081834558e-04 -4.530139164863894864e-04 -1.147703913110738848e-03 2.793017352917721158e-03 6.038939042266254845e-03 -1.248364486500449892e-02 -2.331550020567575709e-02 4.135844943959252062e-02 6.683761446800139117e-02 -1.015390908490089866e-01 -1.405469578870383873e-01 1.795404844962253110e-01 2.060185701920823065e-01 -2.089120384248726314e-01 -1.782477732176747376e-01
5.727272727272726627e+00 7.537226662177475918e-08 4.316775270156190103e-07 -2.396962660831315568e-06 -9.401961416876030854e-06 3.567903847395242608e-05 1.103011538712787962e-04 -3.290474392905090345e-04 -8.467486111944662721e-04 2.095732674584553472e-03 4.610474937323088759e-03 -9.713142383780008771e-03 -1.850200852477633037e-02 3.354731589571350453e-02 5.549053181469330159e-02 -8.657335007733789334e-02 -1.233954505854537448e-01 1.632896895691285932e-01 1.953965154026414963e-01 -2.097400216540959983e-01 -1.944954952489598710e-01
5.797979797979797567e+00 5.014811708577266823e-08 2.907577697700354267e-07 -1.635659558146553754e-06 -6.500265270621855862e-06 2.501406840608881891e-05 7.842627905916647868e-05 -2.375151712840644518e-04 -6.206349324198328667e-04 1.561699228761309101e-03 3.494272442815200396e-03 -7.498723457821328264e-03 -1.455977372843529280e-02 2.696448431405836649e-02 4.561105891023829739e-02 -7.298897579388298473e-02 -1.069545280380908570e-01 1.462566209697107600e-01 1.818266151619362114e-01 -2.051523928449403011e-01 -2.036473874030658160e-01
5.868686868686868507e+00 3.319910957715504518e-08 1.948351784275462803e-07 -1.110227543618848667e-06 -4.469439974438134028e-06 1.743700208721209253e-05 5.543230148380402729e-05 -1.703835967067155040e-04 -4.519582070409580796e-04 1.155817000721549945e-03 2.629263376523729902e-03 -5.744833430030197620e-03 -1.136376135273238844e-02 2.148139081775802053e-02 3.712825877834559363e-02 -6.087484721506337959e-02 -9.157855787684550386e-02 1.291409659423469747e-01 1.662882046304603456e-01 -1.961568350350856027e-01 -2.062811992440501674e-01
5.939393939393939448e+00 2.186890256038350891e-08 1.298880273283384222e-07 -7.495872597533839660e-07 -3.056261172495773931e-06 1.208605480173711353e-05 3.894899291956244126e-05 -1.214743531730430256e-04 -3.270112011937239974e-04 8.496498200689250489e-04 1.964333210678292484e-03 -4.367968286290270855e-03 -8.798037158969188379e-03 1.696504963489142356e-02 2.993909929259312708e-02 -5.024463260005380960e-02 -7.750288251320411326e-02 1.125031174328525313e-01 1.496630262324150917e-01 -1.837994395525349434e-01 -2.032295287476001133e-01
6.010101010101009500e+00 1.433363339208468732e-08 8.614658452818573465e-08 -5.034160412975164872e-07 -2.078494190681218603e-06 8.329733609693222246e-06 2.720653776540014936e-05 -8.607514146131728817e-05 -2.350985944667679573e-04 6.204080085777074734e-04 1.457253376410112215e-03 -3.296395987393987894e-03 -6.757797329915444205e-03 1.328462652076102535e-02 2.392091492617992241e-02 -4.105423532129381242e-02 -6.485983235721144713e-02 9.676587697876720684e-02 1.327071286092571245e-01 -1.690952055885997785e-01 -1.954786854645128302e-01
6.080808080808080440e+00 9.347906169541153745e-09 5.684282337438155615e-08 -3.363023935413446451e-07 -1.405832571376809428e-06 5.708469264528804316e-06 1.889318627428489337e-05 -6.062090125211253678e-05 -1.679500538278951201e-04 4.500151209922957792e-04 1.073561045869506981e-03 -2.469448307066517568e-03 -5.150332138094048870e-03 1.031614566263235402e-02 1.894162008135794051e-02 -3.321793706563886533e-02 -5.369665799192180344e-02 8.222398787310823687e-02 1.160370686408303681e-01 -1.529757270150395032e-01 -1.840777103194212450e-01
6.151515151515151381e+00 6.065982396613544611e-09 3.731498262159240974e-08 -2.234776985786367414e-07 -9.456927169941779743e-07 3.890075750523748157e-06 1.304375619638366725e-05 -4.243585390701777024e-05 -1.192261749114127055e-04 3.242749568053575923e-04 7.854546363952918161e-04 -1.836543115468081437e-03 -3.895175666320416230e-03 7.945588938678735391e-03 1.486769286988462620e-02 -2.662260255183899679e-02 -4.399375326969635902e-02 6.905892922347282858e-02 1.001279747994015951e-01 -1.362539887995427024e-01 -1.700624075268338531e-01
6.222222222222222321e+00 3.916667425193189569e-09 2.437037509009095658e-08 -1.477212220242616584e-07 -6.327077600511885102e-07 2.636050896634249183e-06 8.953149933534311413e-06 -2.952725992074157698e-05 -8.410893113375323305e-05 2.321449702731574109e-04 5.707517586161446046e-04 -1.356064472180665802e-03 -2.923667994171001618e-03 6.070670837623385815e-03 1.157008525276470232e-02 -2.113961203049331827e-02 -3.568195009716466221e-02 5.735667337290924900e-02 8.532072404499906060e-02 -1.196048283500517895e-01 -1.543968307589322631e-01
6.292929292929292373e+00 2.516291760209585425e-09 1.583484612737951095e-08 -9.713127528380491676e-08 -4.210151968607530128e-07 1.776290770427322848e-06 6.109905537626991376e-06 -2.042236724049526533e-05 -5.896692310902791503e-05 1.651149716328602476e-04 4.119387267025275659e-04 -9.941974044858903608e-04 -2.178123419332986862e-03 4.601570738458786447e-03 8.928302603715469049e-03 -1.663443007389659584e-02 -2.865805636449621219e-02 4.712649231180571913e-02 7.183548665937428135e-02 -1.035587204450636595e-01 -1.379326208267457332e-01
6.363636363636363313e+00 1.608548070663497780e-09 1.023621499513134943e-08 -6.353100189835417580e-08 -2.786368264226334811e-07 1.190270749158192661e-06 4.145604858491857849e-06 -1.404087703904968265e-05 -4.108531873001557638e-05 1.166851371019089799e-04 2.953269537162957138e-04 -7.237872281131819225e-04 -1.610763054584584547e-03 3.460884447919134518e-03 6.832940974935559388e-03 -1.297389968195606508e-02 -2.279815402957909021e-02 3.831932994984191265e-02 5.978912141586355256e-02 -8.850607911411113859e-02 -1.213850206896142786e-01
6.434343434343434254e+00 1.023141832860992052e-09 6.583245934671231456e-09 -4.133572342355895240e-08 -1.834128886759403056e-07 7.931503453181979446e-07 2.796694358501492121e-06 -9.596205385387646396e-06 -2.845063219695713144e-05 8.193436385431788278e-05 2.103212319354751060e-04 -5.232704203580948454e-04 -1.182535681332067120e-03 2.583025786626813244e-03 5.186982590401510371e-03 -1.003147325378919014e-02 -1.796845944293043104e-02 3.084468651372134287e-02 4.921427602521936256e-02 -7.470916475922391442e-02 -1.053233243473002956e-01
6.505050505050505194e+00 6.475396837235560510e-10 4.212278346646162444e-09 -2.675354370254037193e-08 -1.200814920361038394e-07 5.255931394291814182e-07 1.875920168316548500e-06 -6.519786467806576920e-06 -1.958117560637959745e-05 5.716848166607455087e-05 1.487975824841133706e-04 -3.757055627853165538e-04 -8.619191641218808524e-04 1.913272258168167766e-03 3.906138295935578097e-03 -7.690663980475741755e-03 -1.403376694609312185e-02 2.458535330196922816e-02 4.007849260704123701e-02 -6.231885288972958958e-02 -9.017291910672918520e-02
6.575757575757575246e+00 4.077797777897888760e-10 2.681460963041944810e-09 -1.722485746403148337e-08 -7.819542178045749261e-08 3.463653037698688866e-07 1.251134917507728386e-06 -4.403587686145013818e-06 -1.339494792171698030e-05 3.963737745040928664e-05 1.045835330421118449e-04 -2.679185495702504920e-04 -6.237672753335327808e-04 1.406610767553415119e-03 2.918497984211994387e-03 -5.847032138813728144e-03 -1.086365130131872886e-02 1.940966856244463051e-02 3.230207635933493582e-02 -5.139387254842080893e-02 -7.622588639700847435e-02
6.646464646464646187e+00 2.555134289046695673e-10 1.698260971911844213e-09 -1.103191808137809099e-08 -5.064651792652358638e-08 2.269945722743765086e-07 8.297022239431034129e-07 -2.956853427121931400e-06 -9.107767680560701013e-06 2.731037452140806202e-05 7.303083136127132605e-05 -1.897656909778828451e-04 -4.482439887957090190e-04 1.026503057768083510e-03 2.163713273497593331e-03 -4.409020574875016987e-03 -8.336701320679720806e-03 1.518122805173759138e-02 2.577391446315778489e-02 -4.192057570838974428e-02 -6.365724412860861159e-02
6.717171717171717127e+00 1.593054099241180859e-10 1.070081793934732533e-09 -7.028617751354640786e-09 -3.262756899237156602e-08 1.479444283760360503e-07 5.471119988416891506e-07 -1.973843932961358434e-06 -6.155511430587329191e-06 1.869996971017284906e-05 5.066924884575736032e-05 -1.335109866211352822e-04 -3.198692057330121386e-04 7.436579781701405881e-04 1.591896404671396632e-03 -3.297931819558585533e-03 -6.343105744812561377e-03 1.176617576705911265e-02 2.036480357933316207e-02 -3.383178510922557614e-02 -5.254424727848673593e-02
6.787878787878787179e+00 9.882710373767940950e-11 6.708264011284904965e-10 -4.454661194831467377e-09 -2.090693698400166485e-08 9.589351665398482403e-08 3.587346809025527472e-07 -1.309981830843908986e-06 -4.135325594165879032e-06 1.272506260996149900e-05 3.492985551520994095e-05 -9.330911331901547750e-05 -2.266861583207774452e-04 5.348699472811744996e-04 1.162379448485882823e-03 -2.447304064632581811e-03 -4.785923695749343641e-03 9.038326818538425581e-03 1.593814349714999662e-02 -2.702373523561912155e-02 -4.288662263655886736e-02
6.858585858585858119e+00 6.100288304758375819e-11 4.183935110031249396e-10 -2.808584934842535826e-09 -1.332509311685815275e-08 6.181481965354621019e-08 2.338948249963458120e-07 -8.643634033559767680e-07 -2.761596447207672026e-06 8.605959766613767076e-06 2.392660759815640675e-05 -6.478299538498062085e-05 -1.595508681411181588e-04 3.819603850197903915e-04 8.424411889929550546e-04 -1.801901416863781408e-03 -3.581356439191910219e-03 6.882444880586330999e-03 1.235807781149707470e-02 -2.137053435849283617e-02 -3.462612176226820965e-02
6.929292929292929060e+00 3.746738667660950491e-11 2.596224975773143373e-10 -1.761532950071245196e-09 -8.447490277226010691e-09 3.962905769737604799e-08 1.516438160076644823e-07 -5.670416112235883172e-07 -1.833271316643789734e-06 5.784595374724086126e-06 1.628600452313933947e-05 -4.468368069030118170e-05 -1.115373927453355612e-04 2.708413257642512044e-04 6.060770630278346921e-04 -1.316490593861838632e-03 -2.658304226272090696e-03 5.196022497904542910e-03 9.495314058587174533e-03 -1.673591502462340105e-02 -2.766427394138143425e-02
7.000000000000000000e+00 2.289734845645552983e-11 1.602814391951887218e-10 -1.099072725909865432e-09 -5.326796350003089441e-09 2.526722402169867707e-08 9.776695912714034822e-08 -3.698532371676406144e-07 -1.209817659831883811e-06 3.864508572243953305e-06 1.101573160292986971e-05 -3.062018598821751120e-05 -7.744852893971527759e-05 1.907074207818409322e-04 4.328610037730976534e-04 -9.545351474595672970e-04 -1.957449571719965201e-03 3.889905383519048476e-03 7.230944740219261320e-03 -1.298229901032588868e-02 -2.187766739241352176e-02
